9 9 1 0.388882393442197
9 27 1 0.388882393442197
9 46 1 0.388882393442197
9 64 1 0.388882393442197
9 83 1 0.388882393442197
9 101 1 0.388882393442197
9 120 1 0.388882393442197
9 138 1 0.388882393442197
9 157 1 0.388882393442197
9 175 1 0.388882393442197
9 194 1 0.388882393442197
9 212 1 0.388882393442197
9 231 1 0.388882393442197
9 250 1 0.388882393442197
9 268 1 0.388882393442197
9 287 1 0.388882393442197
9 305 1 0.388882393442197
9 324 1 0.388882393442197
9 342 1 0.388882393442197
9 361 1 0.388882393442197
9 379 1 0.388882393442197
9 398 1 0.388882393442197
9 416 1 0.388882393442197
9 435 1 0.388882393442197
9 453 1 0.388882393442197
9 472 1 0.388882393442197
9 490 1 0.388882393442197
9 509 1 0.388882393442197
9 527 1 0.388882393442197
9 546 1 0.388882393442197
9 564 1 0.388882393442197
9 583 1 0.388882393442197
9 601 1 0.388882393442197
9 620 1 0.388882393442197
9 638 1 0.388882393442197
9 657 1 0.388882393442197
9 675 1 0.388882393442197
9 694 1 0.388882393442197
9 712 1 0.388882393442197
9 731 1 0.388882393442197
9 750 1 0.388882393442197
9 768 1 0.388882393442197
9 787 1 0.388882393442197
9 805 1 0.388882393442197
9 824 1 0.388882393442197
9 842 1 0.388882393442197
9 861 1 0.388882393442197
9 879 1 0.388882393442197
9 898 1 0.388882393442197
9 916 1 0.388882393442197
9 935 1 0.388882393442197
9 953 1 0.388882393442197
9 972 1 0.388882393442197
9 990 1 0.388882393442197
27 9 1 0.388882393442197
27 27 1 0.388882393442197
27 46 1 0.388882393442197
27 64 1 0.388882393442197
27 83 1 0.388882393442197
27 101 1 0.388882393442197
27 120 1 0.388882393442197
27 138 1 0.388882393442197
27 157 1 0.388882393442197
27 175 1 0.388882393442197
27 194 1 0.388882393442197
27 212 1 0.388882393442197
27 231 1 0.388882393442197
27 250 1 0.388882393442197
27 268 1 0.388882393442197
27 287 1 0.388882393442197
27 305 1 0.388882393442197
27 324 1 0.388882393442197
27 342 1 0.388882393442197
27 361 1 0.388882393442197
27 379 1 0.388882393442197
27 398 1 0.388882393442197
27 416 1 0.388882393442197
27 435 1 0.388882393442197
27 453 1 0.388882393442197
27 472 1 0.388882393442197
27 490 1 0.388882393442197
27 509 1 0.388882393442197
27 527 1 0.388882393442197
27 546 1 0.388882393442197
27 564 1 0.388882393442197
27 583 1 0.388882393442197
27 601 1 0.388882393442197
27 620 1 0.388882393442197
27 638 1 0.388882393442197
27 657 1 0.388882393442197
27 675 1 0.388882393442197
27 694 1 0.388882393442197
27 712 1 0.388882393442197
27 731 1 0.388882393442197
27 750 1 0.388882393442197
27 768 1 0.388882393442197
27 787 1 0.388882393442197
27 805 1 0.388882393442197
27 824 1 0.388882393442197
27 842 1 0.388882393442197
27 861 1 0.388882393442197
27 879 1 0.388882393442197
27 898 1 0.388882393442197
27 916 1 0.388882393442197
27 935 1 0.388882393442197
27 953 1 0.388882393442197
27 972 1 0.388882393442197
27 990 1 0.388882393442197
46 9 1 0.388882393442197
46 27 1 0.388882393442197
46 46 1 0.388882393442197
46 64 1 0.388882393442197
46 83 1 0.388882393442197
46 101 1 0.388882393442197
46 120 1 0.388882393442197
46 138 1 0.388882393442197
46 157 1 0.388882393442197
46 175 1 0.388882393442197
46 194 1 0.388882393442197
46 212 1 0.388882393442197
46 231 1 0.388882393442197
46 250 1 0.388882393442197
46 268 1 0.388882393442197
46 287 1 0.388882393442197
46 305 1 0.388882393442197
46 324 1 0.388882393442197
46 342 1 0.388882393442197
46 361 1 0.388882393442197
46 379 1 0.388882393442197
46 398 1 0.388882393442197
46 416 1 0.388882393442197
46 435 1 0.388882393442197
46 453 1 0.388882393442197
46 472 1 0.388882393442197
46 490 1 0.388882393442197
46 509 1 0.388882393442197
46 527 1 0.388882393442197
46 546 1 0.388882393442197
46 564 1 0.388882393442197
46 583 1 0.388882393442197
46 601 1 0.388882393442197
46 620 1 0.388882393442197
46 638 1 0.388882393442197
46 657 1 0.388882393442197
46 675 1 0.388882393442197
46 694 1 0.388882393442197
46 712 1 0.388882393442197
46 731 1 0.388882393442197
46 750 1 0.388882393442197
46 768 1 0.388882393442197
46 787 1 0.388882393442197
46 805 1 0.388882393442197
46 824 1 0.388882393442197
46 842 1 0.388882393442197
46 861 1 0.388882393442197
46 879 1 0.388882393442197
46 898 1 0.388882393442197
46 916 1 0.388882393442197
46 935 1 0.388882393442197
46 953 1 0.388882393442197
46 972 1 0.388882393442197
46 990 1 0.388882393442197
64 9 1 0.388882393442197
64 27 1 0.388882393442197
64 46 1 0.388882393442197
64 64 1 0.388882393442197
64 83 1 0.388882393442197
64 101 1 0.388882393442197
64 120 1 0.388882393442197
64 138 1 0.388882393442197
64 157 1 0.388882393442197
64 175 1 0.388882393442197
64 194 1 0.388882393442197
64 212 1 0.388882393442197
64 231 1 0.388882393442197
64 250 1 0.388882393442197
64 268 1 0.388882393442197
64 287 1 0.388882393442197
64 305 1 0.388882393442197
64 324 1 0.388882393442197
64 342 1 0.388882393442197
64 361 1 0.388882393442197
64 379 1 0.388882393442197
64 398 1 0.388882393442197
64 416 1 0.388882393442197
64 435 1 0.388882393442197
64 453 1 0.388882393442197
64 472 1 0.388882393442197
64 490 1 0.388882393442197
64 509 1 0.388882393442197
64 527 1 0.388882393442197
64 546 1 0.388882393442197
64 564 1 0.388882393442197
64 583 1 0.388882393442197
64 601 1 0.388882393442197
64 620 1 0.388882393442197
64 638 1 0.388882393442197
64 657 1 0.388882393442197
64 675 1 0.388882393442197
64 694 1 0.388882393442197
64 712 1 0.388882393442197
64 731 1 0.388882393442197
64 750 1 0.388882393442197
64 768 1 0.388882393442197
64 787 1 0.388882393442197
64 805 1 0.388882393442197
64 824 1 0.388882393442197
64 842 1 0.388882393442197
64 861 1 0.388882393442197
64 879 1 0.388882393442197
64 898 1 0.388882393442197
64 916 1 0.388882393442197
64 935 1 0.388882393442197
64 953 1 0.388882393442197
64 972 1 0.388882393442197
64 990 1 0.388882393442197
83 9 1 0.388882393442197
83 27 1 0.388882393442197
83 46 1 0.388882393442197
83 64 1 0.388882393442197
83 83 1 0.388882393442197
83 101 1 0.388882393442197
83 120 1 0.388882393442197
83 138 1 0.388882393442197
83 157 1 0.388882393442197
83 175 1 0.388882393442197
83 194 1 0.388882393442197
83 212 1 0.388882393442197
83 231 1 0.388882393442197
83 250 1 0.388882393442197
83 268 1 0.388882393442197
83 287 1 0.388882393442197
83 305 1 0.388882393442197
83 324 1 0.388882393442197
83 342 1 0.388882393442197
83 361 1 0.388882393442197
83 379 1 0.388882393442197
83 398 1 0.388882393442197
83 416 1 0.388882393442197
83 435 1 0.388882393442197
83 453 1 0.388882393442197
83 472 1 0.388882393442197
83 490 1 0.388882393442197
83 509 1 0.388882393442197
83 527 1 0.388882393442197
83 546 1 0.388882393442197
83 564 1 0.388882393442197
83 583 1 0.388882393442197
83 601 1 0.388882393442197
83 620 1 0.388882393442197
83 638 1 0.388882393442197
83 657 1 0.388882393442197
83 675 1 0.388882393442197
83 694 1 0.388882393442197
83 712 1 0.388882393442197
83 731 1 0.388882393442197
83 750 1 0.388882393442197
83 768 1 0.388882393442197
83 787 1 0.388882393442197
83 805 1 0.388882393442197
83 824 1 0.388882393442197
83 842 1 0.388882393442197
83 861 1 0.388882393442197
83 879 1 0.388882393442197
83 898 1 0.388882393442197
83 916 1 0.388882393442197
83 935 1 0.388882393442197
83 953 1 0.388882393442197
83 972 1 0.388882393442197
83 990 1 0.388882393442197
101 9 1 0.388882393442197
101 27 1 0.388882393442197
101 46 1 0.388882393442197
101 64 1 0.388882393442197
101 83 1 0.388882393442197
101 101 1 0.388882393442197
101 120 1 0.388882393442197
101 138 1 0.388882393442197
101 157 1 0.388882393442197
101 175 1 0.388882393442197
101 194 1 0.388882393442197
101 212 1 0.388882393442197
101 231 1 0.388882393442197
101 250 1 0.388882393442197
101 268 1 0.388882393442197
101 287 1 0.388882393442197
101 305 1 0.388882393442197
101 324 1 0.388882393442197
101 342 1 0.388882393442197
101 361 1 0.388882393442197
101 379 1 0.388882393442197
101 398 1 0.388882393442197
101 416 1 0.388882393442197
101 435 1 0.388882393442197
101 453 1 0.388882393442197
101 472 1 0.388882393442197
101 490 1 0.388882393442197
101 509 1 0.388882393442197
101 527 1 0.388882393442197
101 546 1 0.388882393442197
101 564 1 0.388882393442197
101 583 1 0.388882393442197
101 601 1 0.388882393442197
101 620 1 0.388882393442197
101 638 1 0.388882393442197
101 657 1 0.388882393442197
101 675 1 0.388882393442197
101 694 1 0.388882393442197
101 712 1 0.388882393442197
101 731 1 0.388882393442197
101 750 1 0.388882393442197
101 768 1 0.388882393442197
101 787 1 0.388882393442197
101 805 1 0.388882393442197
101 824 1 0.388882393442197
101 842 1 0.388882393442197
101 861 1 0.388882393442197
101 879 1 0.388882393442197
101 898 1 0.388882393442197
101 916 1 0.388882393442197
101 935 1 0.388882393442197
101 953 1 0.388882393442197
101 972 1 0.388882393442197
101 990 1 0.388882393442197
120 9 1 0.388882393442197
120 27 1 0.388882393442197
120 46 1 0.388882393442197
120 64 1 0.388882393442197
120 83 1 0.388882393442197
120 101 1 0.388882393442197
120 120 1 0.388882393442197
120 138 1 0.388882393442197
120 157 1 0.388882393442197
120 175 1 0.388882393442197
120 194 1 0.388882393442197
120 212 1 0.388882393442197
120 231 1 0.388882393442197
120 250 1 0.388882393442197
120 268 1 0.388882393442197
120 287 1 0.388882393442197
120 305 1 0.388882393442197
120 324 1 0.388882393442197
120 342 1 0.388882393442197
120 361 1 0.388882393442197
120 379 1 0.388882393442197
120 398 1 0.388882393442197
120 416 1 0.388882393442197
120 435 1 0.388882393442197
120 453 1 0.388882393442197
120 472 1 0.388882393442197
120 490 1 0.388882393442197
120 509 1 0.388882393442197
120 527 1 0.388882393442197
120 546 1 0.388882393442197
120 564 1 0.388882393442197
120 583 1 0.388882393442197
120 601 1 0.388882393442197
120 620 1 0.388882393442197
120 638 1 0.388882393442197
120 657 1 0.388882393442197
120 675 1 0.388882393442197
120 694 1 0.388882393442197
120 712 1 0.388882393442197
120 731 1 0.388882393442197
120 750 1 0.388882393442197
120 768 1 0.388882393442197
120 787 1 0.388882393442197
120 805 1 0.388882393442197
120 824 1 0.388882393442197
120 842 1 0.388882393442197
120 861 1 0.388882393442197
120 879 1 0.388882393442197
120 898 1 0.388882393442197
120 916 1 0.388882393442197
120 935 1 0.388882393442197
120 953 1 0.388882393442197
120 972 1 0.388882393442197
120 990 1 0.388882393442197
138 9 1 0.388882393442197
138 27 1 0.388882393442197
138 46 1 0.388882393442197
138 64 1 0.388882393442197
138 83 1 0.388882393442197
138 101 1 0.388882393442197
138 120 1 0.388882393442197
138 138 1 0.388882393442197
138 157 1 0.388882393442197
138 175 1 0.388882393442197
138 194 1 0.388882393442197
138 212 1 0.388882393442197
138 231 1 0.388882393442197
138 250 1 0.388882393442197
138 268 1 0.388882393442197
138 287 1 0.388882393442197
138 305 1 0.388882393442197
138 324 1 0.388882393442197
138 342 1 0.388882393442197
138 361 1 0.388882393442197
138 379 1 0.388882393442197
138 398 1 0.388882393442197
138 416 1 0.388882393442197
138 435 1 0.388882393442197
138 453 1 0.388882393442197
138 472 1 0.388882393442197
138 490 1 0.388882393442197
138 509 1 0.388882393442197
138 527 1 0.388882393442197
138 546 1 0.388882393442197
138 564 1 0.388882393442197
138 583 1 0.388882393442197
138 601 1 0.388882393442197
138 620 1 0.388882393442197
138 638 1 0.388882393442197
138 657 1 0.388882393442197
138 675 1 0.388882393442197
138 694 1 0.388882393442197
138 712 1 0.388882393442197
138 731 1 0.388882393442197
138 750 1 0.388882393442197
138 768 1 0.388882393442197
138 787 1 0.388882393442197
138 805 1 0.388882393442197
138 824 1 0.388882393442197
138 842 1 0.388882393442197
138 861 1 0.388882393442197
138 879 1 0.388882393442197
138 898 1 0.388882393442197
138 916 1 0.388882393442197
138 935 1 0.388882393442197
138 953 1 0.388882393442197
138 972 1 0.388882393442197
138 990 1 0.388882393442197
157 9 1 0.388882393442197
157 27 1 0.388882393442197
157 46 1 0.388882393442197
157 64 1 0.388882393442197
157 83 1 0.388882393442197
157 101 1 0.388882393442197
157 120 1 0.388882393442197
157 138 1 0.388882393442197
157 157 1 0.388882393442197
157 175 1 0.388882393442197
157 194 1 0.388882393442197
157 212 1 0.388882393442197
157 231 1 0.388882393442197
157 250 1 0.388882393442197
157 268 1 0.388882393442197
157 287 1 0.388882393442197
157 305 1 0.388882393442197
157 324 1 0.388882393442197
157 342 1 0.388882393442197
157 361 1 0.388882393442197
157 379 1 0.388882393442197
157 398 1 0.388882393442197
157 416 1 0.388882393442197
157 435 1 0.388882393442197
157 453 1 0.388882393442197
157 472 1 0.388882393442197
157 490 1 0.388882393442197
157 509 1 0.388882393442197
157 527 1 0.388882393442197
157 546 1 0.388882393442197
157 564 1 0.388882393442197
157 583 1 0.388882393442197
157 601 1 0.388882393442197
157 620 1 0.388882393442197
157 638 1 0.388882393442197
157 657 1 0.388882393442197
157 675 1 0.388882393442197
157 694 1 0.388882393442197
157 712 1 0.388882393442197
157 731 1 0.388882393442197
157 750 1 0.388882393442197
157 768 1 0.388882393442197
157 787 1 0.388882393442197
157 805 1 0.388882393442197
157 824 1 0.388882393442197
157 842 1 0.388882393442197
157 861 1 0.388882393442197
157 879 1 0.388882393442197
157 898 1 0.388882393442197
157 916 1 0.388882393442197
157 935 1 0.388882393442197
157 953 1 0.388882393442197
157 972 1 0.388882393442197
157 990 1 0.388882393442197
175 9 1 0.388882393442197
175 27 1 0.388882393442197
175 46 1 0.388882393442197
175 64 1 0.388882393442197
175 83 1 0.388882393442197
175 101 1 0.388882393442197
175 120 1 0.388882393442197
175 138 1 0.388882393442197
175 157 1 0.388882393442197
175 175 1 0.388882393442197
175 194 1 0.388882393442197
175 212 1 0.388882393442197
175 231 1 0.388882393442197
175 250 1 0.388882393442197
175 268 1 0.388882393442197
175 287 1 0.388882393442197
175 305 1 0.388882393442197
175 324 1 0.388882393442197
175 342 1 0.388882393442197
175 361 1 0.388882393442197
175 379 1 0.388882393442197
175 398 1 0.388882393442197
175 416 1 0.388882393442197
175 435 1 0.388882393442197
175 453 1 0.388882393442197
175 472 1 0.388882393442197
175 490 1 0.388882393442197
175 509 1 0.388882393442197
175 527 1 0.388882393442197
175 546 1 0.388882393442197
175 564 1 0.388882393442197
175 583 1 0.388882393442197
175 601 1 0.388882393442197
175 620 1 0.388882393442197
175 638 1 0.388882393442197
175 657 1 0.388882393442197
175 675 1 0.388882393442197
175 694 1 0.388882393442197
175 712 1 0.388882393442197
175 731 1 0.388882393442197
175 750 1 0.388882393442197
175 768 1 0.388882393442197
175 787 1 0.388882393442197
175 805 1 0.388882393442197
175 824 1 0.388882393442197
175 842 1 0.388882393442197
175 861 1 0.388882393442197
175 879 1 0.388882393442197
175 898 1 0.388882393442197
175 916 1 0.388882393442197
175 935 1 0.388882393442197
175 953 1 0.388882393442197
175 972 1 0.388882393442197
175 990 1 0.388882393442197
194 9 1 0.388882393442197
194 27 1 0.388882393442197
194 46 1 0.388882393442197
194 64 1 0.388882393442197
194 83 1 0.388882393442197
194 101 1 0.388882393442197
194 120 1 0.388882393442197
194 138 1 0.388882393442197
194 157 1 0.388882393442197
194 175 1 0.388882393442197
194 194 1 0.388882393442197
194 212 1 0.388882393442197
194 231 1 0.388882393442197
194 250 1 0.388882393442197
194 268 1 0.388882393442197
194 287 1 0.388882393442197
194 305 1 0.388882393442197
194 324 1 0.388882393442197
194 342 1 0.388882393442197
194 361 1 0.388882393442197
194 379 1 0.388882393442197
194 398 1 0.388882393442197
194 416 1 0.388882393442197
194 435 1 0.388882393442197
194 453 1 0.388882393442197
194 472 1 0.388882393442197
194 490 1 0.388882393442197
194 509 1 0.388882393442197
194 527 1 0.388882393442197
194 546 1 0.388882393442197
194 564 1 0.388882393442197
194 583 1 0.388882393442197
194 601 1 0.388882393442197
194 620 1 0.388882393442197
194 638 1 0.388882393442197
194 657 1 0.388882393442197
194 675 1 0.388882393442197
194 694 1 0.388882393442197
194 712 1 0.388882393442197
194 731 1 0.388882393442197
194 750 1 0.388882393442197
194 768 1 0.388882393442197
194 787 1 0.388882393442197
194 805 1 0.388882393442197
194 824 1 0.388882393442197
194 842 1 0.388882393442197
194 861 1 0.388882393442197
194 879 1 0.388882393442197
194 898 1 0.388882393442197
194 916 1 0.388882393442197
194 935 1 0.388882393442197
194 953 1 0.388882393442197
194 972 1 0.388882393442197
194 990 1 0.388882393442197
212 9 1 0.388882393442197
212 27 1 0.388882393442197
212 46 1 0.388882393442197
212 64 1 0.388882393442197
212 83 1 0.388882393442197
212 101 1 0.388882393442197
212 120 1 0.388882393442197
212 138 1 0.388882393442197
212 157 1 0.388882393442197
212 175 1 0.388882393442197
212 194 1 0.388882393442197
212 212 1 0.388882393442197
212 231 1 0.388882393442197
212 250 1 0.388882393442197
212 268 1 0.388882393442197
212 287 1 0.388882393442197
212 305 1 0.388882393442197
212 324 1 0.388882393442197
212 342 1 0.388882393442197
212 361 1 0.388882393442197
212 379 1 0.388882393442197
212 398 1 0.388882393442197
212 416 1 0.388882393442197
212 435 1 0.388882393442197
212 453 1 0.388882393442197
212 472 1 0.388882393442197
212 490 1 0.388882393442197
212 509 1 0.388882393442197
212 527 1 0.388882393442197
212 546 1 0.388882393442197
212 564 1 0.388882393442197
212 583 1 0.388882393442197
212 601 1 0.388882393442197
212 620 1 0.388882393442197
212 638 1 0.388882393442197
212 657 1 0.388882393442197
212 675 1 0.388882393442197
212 694 1 0.388882393442197
212 712 1 0.388882393442197
212 731 1 0.388882393442197
212 750 1 0.388882393442197
212 768 1 0.388882393442197
212 787 1 0.388882393442197
212 805 1 0.388882393442197
212 824 1 0.388882393442197
212 842 1 0.388882393442197
212 861 1 0.388882393442197
212 879 1 0.388882393442197
212 898 1 0.388882393442197
212 916 1 0.388882393442197
212 935 1 0.388882393442197
212 953 1 0.388882393442197
212 972 1 0.388882393442197
212 990 1 0.388882393442197
231 9 1 0.388882393442197
231 27 1 0.388882393442197
231 46 1 0.388882393442197
231 64 1 0.388882393442197
231 83 1 0.388882393442197
231 101 1 0.388882393442197
231 120 1 0.388882393442197
231 138 1 0.388882393442197
231 157 1 0.388882393442197
231 175 1 0.388882393442197
231 194 1 0.388882393442197
231 212 1 0.388882393442197
231 231 1 0.388882393442197
231 250 1 0.388882393442197
231 268 1 0.388882393442197
231 287 1 0.388882393442197
231 305 1 0.388882393442197
231 324 1 0.388882393442197
231 342 1 0.388882393442197
231 361 1 0.388882393442197
231 379 1 0.388882393442197
231 398 1 0.388882393442197
231 416 1 0.388882393442197
231 435 1 0.388882393442197
231 453 1 0.388882393442197
231 472 1 0.388882393442197
231 490 1 0.388882393442197
231 509 1 0.388882393442197
231 527 1 0.388882393442197
231 546 1 0.388882393442197
231 564 1 0.388882393442197
231 583 1 0.388882393442197
231 601 1 0.388882393442197
231 620 1 0.388882393442197
231 638 1 0.388882393442197
231 657 1 0.388882393442197
231 675 1 0.388882393442197
231 694 1 0.388882393442197
231 712 1 0.388882393442197
231 731 1 0.388882393442197
231 750 1 0.388882393442197
231 768 1 0.388882393442197
231 787 1 0.388882393442197
231 805 1 0.388882393442197
231 824 1 0.388882393442197
231 842 1 0.388882393442197
231 861 1 0.388882393442197
231 879 1 0.388882393442197
231 898 1 0.388882393442197
231 916 1 0.388882393442197
231 935 1 0.388882393442197
231 953 1 0.388882393442197
231 972 1 0.388882393442197
231 990 1 0.388882393442197
250 9 1 0.388882393442197
250 27 1 0.388882393442197
250 46 1 0.388882393442197
250 64 1 0.388882393442197
250 83 1 0.388882393442197
250 101 1 0.388882393442197
250 120 1 0.388882393442197
250 138 1 0.388882393442197
250 157 1 0.388882393442197
250 175 1 0.388882393442197
250 194 1 0.388882393442197
250 212 1 0.388882393442197
250 231 1 0.388882393442197
250 250 1 0.388882393442197
250 268 1 0.388882393442197
250 287 1 0.388882393442197
250 305 1 0.388882393442197
250 324 1 0.388882393442197
250 342 1 0.388882393442197
250 361 1 0.388882393442197
250 379 1 0.388882393442197
250 398 1 0.388882393442197
250 416 1 0.388882393442197
250 435 1 0.388882393442197
250 453 1 0.388882393442197
250 472 1 0.388882393442197
250 490 1 0.388882393442197
250 509 1 0.388882393442197
250 527 1 0.388882393442197
250 546 1 0.388882393442197
250 564 1 0.388882393442197
250 583 1 0.388882393442197
250 601 1 0.388882393442197
250 620 1 0.388882393442197
250 638 1 0.388882393442197
250 657 1 0.388882393442197
250 675 1 0.388882393442197
250 694 1 0.388882393442197
250 712 1 0.388882393442197
250 731 1 0.388882393442197
250 750 1 0.388882393442197
250 768 1 0.388882393442197
250 787 1 0.388882393442197
250 805 1 0.388882393442197
250 824 1 0.388882393442197
250 842 1 0.388882393442197
250 861 1 0.388882393442197
250 879 1 0.388882393442197
250 898 1 0.388882393442197
250 916 1 0.388882393442197
250 935 1 0.388882393442197
250 953 1 0.388882393442197
250 972 1 0.388882393442197
250 990 1 0.388882393442197
268 9 1 0.388882393442197
268 27 1 0.388882393442197
268 46 1 0.388882393442197
268 64 1 0.388882393442197
268 83 1 0.388882393442197
268 101 1 0.388882393442197
268 120 1 0.388882393442197
268 138 1 0.388882393442197
268 157 1 0.388882393442197
268 175 1 0.388882393442197
268 194 1 0.388882393442197
268 212 1 0.388882393442197
268 231 1 0.388882393442197
268 250 1 0.388882393442197
268 268 1 0.388882393442197
268 287 1 0.388882393442197
268 305 1 0.388882393442197
268 324 1 0.388882393442197
268 342 1 0.388882393442197
268 361 1 0.388882393442197
268 379 1 0.388882393442197
268 398 1 0.388882393442197
268 416 1 0.388882393442197
268 435 1 0.388882393442197
268 453 1 0.388882393442197
268 472 1 0.388882393442197
268 490 1 0.388882393442197
268 509 1 0.388882393442197
268 527 1 0.388882393442197
268 546 1 0.388882393442197
268 564 1 0.388882393442197
268 583 1 0.388882393442197
268 601 1 0.388882393442197
268 620 1 0.388882393442197
268 638 1 0.388882393442197
268 657 1 0.388882393442197
268 675 1 0.388882393442197
268 694 1 0.388882393442197
268 712 1 0.388882393442197
268 731 1 0.388882393442197
268 750 1 0.388882393442197
268 768 1 0.388882393442197
268 787 1 0.388882393442197
268 805 1 0.388882393442197
268 824 1 0.388882393442197
268 842 1 0.388882393442197
268 861 1 0.388882393442197
268 879 1 0.388882393442197
268 898 1 0.388882393442197
268 916 1 0.388882393442197
268 935 1 0.388882393442197
268 953 1 0.388882393442197
268 972 1 0.388882393442197
268 990 1 0.388882393442197
287 9 1 0.388882393442197
287 27 1 0.388882393442197
287 46 1 0.388882393442197
287 64 1 0.388882393442197
287 83 1 0.388882393442197
287 101 1 0.388882393442197
287 120 1 0.388882393442197
287 138 1 0.388882393442197
287 157 1 0.388882393442197
287 175 1 0.388882393442197
287 194 1 0.388882393442197
287 212 1 0.388882393442197
287 231 1 0.388882393442197
287 250 1 0.388882393442197
287 268 1 0.388882393442197
287 287 1 0.388882393442197
287 305 1 0.388882393442197
287 324 1 0.388882393442197
287 342 1 0.388882393442197
287 361 1 0.388882393442197
287 379 1 0.388882393442197
287 398 1 0.388882393442197
287 416 1 0.388882393442197
287 435 1 0.388882393442197
287 453 1 0.388882393442197
287 472 1 0.388882393442197
287 490 1 0.388882393442197
287 509 1 0.388882393442197
287 527 1 0.388882393442197
287 546 1 0.388882393442197
287 564 1 0.388882393442197
287 583 1 0.388882393442197
287 601 1 0.388882393442197
287 620 1 0.388882393442197
287 638 1 0.388882393442197
287 657 1 0.388882393442197
287 675 1 0.388882393442197
287 694 1 0.388882393442197
287 712 1 0.388882393442197
287 731 1 0.388882393442197
287 750 1 0.388882393442197
287 768 1 0.388882393442197
287 787 1 0.388882393442197
287 805 1 0.388882393442197
287 824 1 0.388882393442197
287 842 1 0.388882393442197
287 861 1 0.388882393442197
287 879 1 0.388882393442197
287 898 1 0.388882393442197
287 916 1 0.388882393442197
287 935 1 0.388882393442197
287 953 1 0.388882393442197
287 972 1 0.388882393442197
287 990 1 0.388882393442197
305 9 1 0.388882393442197
305 27 1 0.388882393442197
305 46 1 0.388882393442197
305 64 1 0.388882393442197
305 83 1 0.388882393442197
305 101 1 0.388882393442197
305 120 1 0.388882393442197
305 138 1 0.388882393442197
305 157 1 0.388882393442197
305 175 1 0.388882393442197
305 194 1 0.388882393442197
305 212 1 0.388882393442197
305 231 1 0.388882393442197
305 250 1 0.388882393442197
305 268 1 0.388882393442197
305 287 1 0.388882393442197
305 305 1 0.388882393442197
305 324 1 0.388882393442197
305 342 1 0.388882393442197
305 361 1 0.388882393442197
305 379 1 0.388882393442197
305 398 1 0.388882393442197
305 416 1 0.388882393442197
305 435 1 0.388882393442197
305 453 1 0.388882393442197
305 472 1 0.388882393442197
305 490 1 0.388882393442197
305 509 1 0.388882393442197
305 527 1 0.388882393442197
305 546 1 0.388882393442197
305 564 1 0.388882393442197
305 583 1 0.388882393442197
305 601 1 0.388882393442197
305 620 1 0.388882393442197
305 638 1 0.388882393442197
305 657 1 0.388882393442197
305 675 1 0.388882393442197
305 694 1 0.388882393442197
305 712 1 0.388882393442197
305 731 1 0.388882393442197
305 750 1 0.388882393442197
305 768 1 0.388882393442197
305 787 1 0.388882393442197
305 805 1 0.388882393442197
305 824 1 0.388882393442197
305 842 1 0.388882393442197
305 861 1 0.388882393442197
305 879 1 0.388882393442197
305 898 1 0.388882393442197
305 916 1 0.388882393442197
305 935 1 0.388882393442197
305 953 1 0.388882393442197
305 972 1 0.388882393442197
305 990 1 0.388882393442197
324 9 1 0.388882393442197
324 27 1 0.388882393442197
324 46 1 0.388882393442197
324 64 1 0.388882393442197
324 83 1 0.388882393442197
324 101 1 0.388882393442197
324 120 1 0.388882393442197
324 138 1 0.388882393442197
324 157 1 0.388882393442197
324 175 1 0.388882393442197
324 194 1 0.388882393442197
324 212 1 0.388882393442197
324 231 1 0.388882393442197
324 250 1 0.388882393442197
324 268 1 0.388882393442197
324 287 1 0.388882393442197
324 305 1 0.388882393442197
324 324 1 0.388882393442197
324 342 1 0.388882393442197
324 361 1 0.388882393442197
324 379 1 0.388882393442197
324 398 1 0.388882393442197
324 416 1 0.388882393442197
324 435 1 0.388882393442197
324 453 1 0.388882393442197
324 472 1 0.388882393442197
324 490 1 0.388882393442197
324 509 1 0.388882393442197
324 527 1 0.388882393442197
324 546 1 0.388882393442197
324 564 1 0.388882393442197
324 583 1 0.388882393442197
324 601 1 0.388882393442197
324 620 1 0.388882393442197
324 638 1 0.388882393442197
324 657 1 0.388882393442197
324 675 1 0.388882393442197
324 694 1 0.388882393442197
324 712 1 0.388882393442197
324 731 1 0.388882393442197
324 750 1 0.388882393442197
324 768 1 0.388882393442197
324 787 1 0.388882393442197
324 805 1 0.388882393442197
324 824 1 0.388882393442197
324 842 1 0.388882393442197
324 861 1 0.388882393442197
324 879 1 0.388882393442197
324 898 1 0.388882393442197
324 916 1 0.388882393442197
324 935 1 0.388882393442197
324 953 1 0.388882393442197
324 972 1 0.388882393442197
324 990 1 0.388882393442197
342 9 1 0.388882393442197
342 27 1 0.388882393442197
342 46 1 0.388882393442197
342 64 1 0.388882393442197
342 83 1 0.388882393442197
342 101 1 0.388882393442197
342 120 1 0.388882393442197
342 138 1 0.388882393442197
342 157 1 0.388882393442197
342 175 1 0.388882393442197
342 194 1 0.388882393442197
342 212 1 0.388882393442197
342 231 1 0.388882393442197
342 250 1 0.388882393442197
342 268 1 0.388882393442197
342 287 1 0.388882393442197
342 305 1 0.388882393442197
342 324 1 0.388882393442197
342 342 1 0.388882393442197
342 361 1 0.388882393442197
342 379 1 0.388882393442197
342 398 1 0.388882393442197
342 416 1 0.388882393442197
342 435 1 0.388882393442197
342 453 1 0.388882393442197
342 472 1 0.388882393442197
342 490 1 0.388882393442197
342 509 1 0.388882393442197
342 527 1 0.388882393442197
342 546 1 0.388882393442197
342 564 1 0.388882393442197
342 583 1 0.388882393442197
342 601 1 0.388882393442197
342 620 1 0.388882393442197
342 638 1 0.388882393442197
342 657 1 0.388882393442197
342 675 1 0.388882393442197
342 694 1 0.388882393442197
342 712 1 0.388882393442197
342 731 1 0.388882393442197
342 750 1 0.388882393442197
342 768 1 0.388882393442197
342 787 1 0.388882393442197
342 805 1 0.388882393442197
342 824 1 0.388882393442197
342 842 1 0.388882393442197
342 861 1 0.388882393442197
342 879 1 0.388882393442197
342 898 1 0.388882393442197
342 916 1 0.388882393442197
342 935 1 0.388882393442197
342 953 1 0.388882393442197
342 972 1 0.388882393442197
342 990 1 0.388882393442197
361 9 1 0.388882393442197
361 27 1 0.388882393442197
361 46 1 0.388882393442197
361 64 1 0.388882393442197
361 83 1 0.388882393442197
361 101 1 0.388882393442197
361 120 1 0.388882393442197
361 138 1 0.388882393442197
361 157 1 0.388882393442197
361 175 1 0.388882393442197
361 194 1 0.388882393442197
361 212 1 0.388882393442197
361 231 1 0.388882393442197
361 250 1 0.388882393442197
361 268 1 0.388882393442197
361 287 1 0.388882393442197
361 305 1 0.388882393442197
361 324 1 0.388882393442197
361 342 1 0.388882393442197
361 361 1 0.388882393442197
361 379 1 0.388882393442197
361 398 1 0.388882393442197
361 416 1 0.388882393442197
361 435 1 0.388882393442197
361 453 1 0.388882393442197
361 472 1 0.388882393442197
361 490 1 0.388882393442197
361 509 1 0.388882393442197
361 527 1 0.388882393442197
361 546 1 0.388882393442197
361 564 1 0.388882393442197
361 583 1 0.388882393442197
361 601 1 0.388882393442197
361 620 1 0.388882393442197
361 638 1 0.388882393442197
361 657 1 0.388882393442197
361 675 1 0.388882393442197
361 694 1 0.388882393442197
361 712 1 0.388882393442197
361 731 1 0.388882393442197
361 750 1 0.388882393442197
361 768 1 0.388882393442197
361 787 1 0.388882393442197
361 805 1 0.388882393442197
361 824 1 0.388882393442197
361 842 1 0.388882393442197
361 861 1 0.388882393442197
361 879 1 0.388882393442197
361 898 1 0.388882393442197
361 916 1 0.388882393442197
361 935 1 0.388882393442197
361 953 1 0.388882393442197
361 972 1 0.388882393442197
361 990 1 0.388882393442197
379 9 1 0.388882393442197
379 27 1 0.388882393442197
379 46 1 0.388882393442197
379 64 1 0.388882393442197
379 83 1 0.388882393442197
379 101 1 0.388882393442197
379 120 1 0.388882393442197
379 138 1 0.388882393442197
379 157 1 0.388882393442197
379 175 1 0.388882393442197
379 194 1 0.388882393442197
379 212 1 0.388882393442197
379 231 1 0.388882393442197
379 250 1 0.388882393442197
379 268 1 0.388882393442197
379 287 1 0.388882393442197
379 305 1 0.388882393442197
379 324 1 0.388882393442197
379 342 1 0.388882393442197
379 361 1 0.388882393442197
379 379 1 0.388882393442197
379 398 1 0.388882393442197
379 416 1 0.388882393442197
379 435 1 0.388882393442197
379 453 1 0.388882393442197
379 472 1 0.388882393442197
379 490 1 0.388882393442197
379 509 1 0.388882393442197
379 527 1 0.388882393442197
379 546 1 0.388882393442197
379 564 1 0.388882393442197
379 583 1 0.388882393442197
379 601 1 0.388882393442197
379 620 1 0.388882393442197
379 638 1 0.388882393442197
379 657 1 0.388882393442197
379 675 1 0.388882393442197
379 694 1 0.388882393442197
379 712 1 0.388882393442197
379 731 1 0.388882393442197
379 750 1 0.388882393442197
379 768 1 0.388882393442197
379 787 1 0.388882393442197
379 805 1 0.388882393442197
379 824 1 0.388882393442197
379 842 1 0.388882393442197
379 861 1 0.388882393442197
379 879 1 0.388882393442197
379 898 1 0.388882393442197
379 916 1 0.388882393442197
379 935 1 0.388882393442197
379 953 1 0.388882393442197
379 972 1 0.388882393442197
379 990 1 0.388882393442197
398 9 1 0.388882393442197
398 27 1 0.388882393442197
398 46 1 0.388882393442197
398 64 1 0.388882393442197
398 83 1 0.388882393442197
398 101 1 0.388882393442197
398 120 1 0.388882393442197
398 138 1 0.388882393442197
398 157 1 0.388882393442197
398 175 1 0.388882393442197
398 194 1 0.388882393442197
398 212 1 0.388882393442197
398 231 1 0.388882393442197
398 250 1 0.388882393442197
398 268 1 0.388882393442197
398 287 1 0.388882393442197
398 305 1 0.388882393442197
398 324 1 0.388882393442197
398 342 1 0.388882393442197
398 361 1 0.388882393442197
398 379 1 0.388882393442197
398 398 1 0.388882393442197
398 416 1 0.388882393442197
398 435 1 0.388882393442197
398 453 1 0.388882393442197
398 472 1 0.388882393442197
398 490 1 0.388882393442197
398 509 1 0.388882393442197
398 527 1 0.388882393442197
398 546 1 0.388882393442197
398 564 1 0.388882393442197
398 583 1 0.388882393442197
398 601 1 0.388882393442197
398 620 1 0.388882393442197
398 638 1 0.388882393442197
398 657 1 0.388882393442197
398 675 1 0.388882393442197
398 694 1 0.388882393442197
398 712 1 0.388882393442197
398 731 1 0.388882393442197
398 750 1 0.388882393442197
398 768 1 0.388882393442197
398 787 1 0.388882393442197
398 805 1 0.388882393442197
398 824 1 0.388882393442197
398 842 1 0.388882393442197
398 861 1 0.388882393442197
398 879 1 0.388882393442197
398 898 1 0.388882393442197
398 916 1 0.388882393442197
398 935 1 0.388882393442197
398 953 1 0.388882393442197
398 972 1 0.388882393442197
398 990 1 0.388882393442197
416 9 1 0.388882393442197
416 27 1 0.388882393442197
416 46 1 0.388882393442197
416 64 1 0.388882393442197
416 83 1 0.388882393442197
416 101 1 0.388882393442197
416 120 1 0.388882393442197
416 138 1 0.388882393442197
416 157 1 0.388882393442197
416 175 1 0.388882393442197
416 194 1 0.388882393442197
416 212 1 0.388882393442197
416 231 1 0.388882393442197
416 250 1 0.388882393442197
416 268 1 0.388882393442197
416 287 1 0.388882393442197
416 305 1 0.388882393442197
416 324 1 0.388882393442197
416 342 1 0.388882393442197
416 361 1 0.388882393442197
416 379 1 0.388882393442197
416 398 1 0.388882393442197
416 416 1 0.388882393442197
416 435 1 0.388882393442197
416 453 1 0.388882393442197
416 472 1 0.388882393442197
416 490 1 0.388882393442197
416 509 1 0.388882393442197
416 527 1 0.388882393442197
416 546 1 0.388882393442197
416 564 1 0.388882393442197
416 583 1 0.388882393442197
416 601 1 0.388882393442197
416 620 1 0.388882393442197
416 638 1 0.388882393442197
416 657 1 0.388882393442197
416 675 1 0.388882393442197
416 694 1 0.388882393442197
416 712 1 0.388882393442197
416 731 1 0.388882393442197
416 750 1 0.388882393442197
416 768 1 0.388882393442197
416 787 1 0.388882393442197
416 805 1 0.388882393442197
416 824 1 0.388882393442197
416 842 1 0.388882393442197
416 861 1 0.388882393442197
416 879 1 0.388882393442197
416 898 1 0.388882393442197
416 916 1 0.388882393442197
416 935 1 0.388882393442197
416 953 1 0.388882393442197
416 972 1 0.388882393442197
416 990 1 0.388882393442197
435 9 1 0.388882393442197
435 27 1 0.388882393442197
435 46 1 0.388882393442197
435 64 1 0.388882393442197
435 83 1 0.388882393442197
435 101 1 0.388882393442197
435 120 1 0.388882393442197
435 138 1 0.388882393442197
435 157 1 0.388882393442197
435 175 1 0.388882393442197
435 194 1 0.388882393442197
435 212 1 0.388882393442197
435 231 1 0.388882393442197
435 250 1 0.388882393442197
435 268 1 0.388882393442197
435 287 1 0.388882393442197
435 305 1 0.388882393442197
435 324 1 0.388882393442197
435 342 1 0.388882393442197
435 361 1 0.388882393442197
435 379 1 0.388882393442197
435 398 1 0.388882393442197
435 416 1 0.388882393442197
435 435 1 0.388882393442197
435 453 1 0.388882393442197
435 472 1 0.388882393442197
435 490 1 0.388882393442197
435 509 1 0.388882393442197
435 527 1 0.388882393442197
435 546 1 0.388882393442197
435 564 1 0.388882393442197
435 583 1 0.388882393442197
435 601 1 0.388882393442197
435 620 1 0.388882393442197
435 638 1 0.388882393442197
435 657 1 0.388882393442197
435 675 1 0.388882393442197
435 694 1 0.388882393442197
435 712 1 0.388882393442197
435 731 1 0.388882393442197
435 750 1 0.388882393442197
435 768 1 0.388882393442197
435 787 1 0.388882393442197
435 805 1 0.388882393442197
435 824 1 0.388882393442197
435 842 1 0.388882393442197
435 861 1 0.388882393442197
435 879 1 0.388882393442197
435 898 1 0.388882393442197
435 916 1 0.388882393442197
435 935 1 0.388882393442197
435 953 1 0.388882393442197
435 972 1 0.388882393442197
435 990 1 0.388882393442197
453 9 1 0.388882393442197
453 27 1 0.388882393442197
453 46 1 0.388882393442197
453 64 1 0.388882393442197
453 83 1 0.388882393442197
453 101 1 0.388882393442197
453 120 1 0.388882393442197
453 138 1 0.388882393442197
453 157 1 0.388882393442197
453 175 1 0.388882393442197
453 194 1 0.388882393442197
453 212 1 0.388882393442197
453 231 1 0.388882393442197
453 250 1 0.388882393442197
453 268 1 0.388882393442197
453 287 1 0.388882393442197
453 305 1 0.388882393442197
453 324 1 0.388882393442197
453 342 1 0.388882393442197
453 361 1 0.388882393442197
453 379 1 0.388882393442197
453 398 1 0.388882393442197
453 416 1 0.388882393442197
453 435 1 0.388882393442197
453 453 1 0.388882393442197
453 472 1 0.388882393442197
453 490 1 0.388882393442197
453 509 1 0.388882393442197
453 527 1 0.388882393442197
453 546 1 0.388882393442197
453 564 1 0.388882393442197
453 583 1 0.388882393442197
453 601 1 0.388882393442197
453 620 1 0.388882393442197
453 638 1 0.388882393442197
453 657 1 0.388882393442197
453 675 1 0.388882393442197
453 694 1 0.388882393442197
453 712 1 0.388882393442197
453 731 1 0.388882393442197
453 750 1 0.388882393442197
453 768 1 0.388882393442197
453 787 1 0.388882393442197
453 805 1 0.388882393442197
453 824 1 0.388882393442197
453 842 1 0.388882393442197
453 861 1 0.388882393442197
453 879 1 0.388882393442197
453 898 1 0.388882393442197
453 916 1 0.388882393442197
453 935 1 0.388882393442197
453 953 1 0.388882393442197
453 972 1 0.388882393442197
453 990 1 0.388882393442197
472 9 1 0.388882393442197
472 27 1 0.388882393442197
472 46 1 0.388882393442197
472 64 1 0.388882393442197
472 83 1 0.388882393442197
472 101 1 0.388882393442197
472 120 1 0.388882393442197
472 138 1 0.388882393442197
472 157 1 0.388882393442197
472 175 1 0.388882393442197
472 194 1 0.388882393442197
472 212 1 0.388882393442197
472 231 1 0.388882393442197
472 250 1 0.388882393442197
472 268 1 0.388882393442197
472 287 1 0.388882393442197
472 305 1 0.388882393442197
472 324 1 0.388882393442197
472 342 1 0.388882393442197
472 361 1 0.388882393442197
472 379 1 0.388882393442197
472 398 1 0.388882393442197
472 416 1 0.388882393442197
472 435 1 0.388882393442197
472 453 1 0.388882393442197
472 472 1 0.388882393442197
472 490 1 0.388882393442197
472 509 1 0.388882393442197
472 527 1 0.388882393442197
472 546 1 0.388882393442197
472 564 1 0.388882393442197
472 583 1 0.388882393442197
472 601 1 0.388882393442197
472 620 1 0.388882393442197
472 638 1 0.388882393442197
472 657 1 0.388882393442197
472 675 1 0.388882393442197
472 694 1 0.388882393442197
472 712 1 0.388882393442197
472 731 1 0.388882393442197
472 750 1 0.388882393442197
472 768 1 0.388882393442197
472 787 1 0.388882393442197
472 805 1 0.388882393442197
472 824 1 0.388882393442197
472 842 1 0.388882393442197
472 861 1 0.388882393442197
472 879 1 0.388882393442197
472 898 1 0.388882393442197
472 916 1 0.388882393442197
472 935 1 0.388882393442197
472 953 1 0.388882393442197
472 972 1 0.388882393442197
472 990 1 0.388882393442197
490 9 1 0.388882393442197
490 27 1 0.388882393442197
490 46 1 0.388882393442197
490 64 1 0.388882393442197
490 83 1 0.388882393442197
490 101 1 0.388882393442197
490 120 1 0.388882393442197
490 138 1 0.388882393442197
490 157 1 0.388882393442197
490 175 1 0.388882393442197
490 194 1 0.388882393442197
490 212 1 0.388882393442197
490 231 1 0.388882393442197
490 250 1 0.388882393442197
490 268 1 0.388882393442197
490 287 1 0.388882393442197
490 305 1 0.388882393442197
490 324 1 0.388882393442197
490 342 1 0.388882393442197
490 361 1 0.388882393442197
490 379 1 0.388882393442197
490 398 1 0.388882393442197
490 416 1 0.388882393442197
490 435 1 0.388882393442197
490 453 1 0.388882393442197
490 472 1 0.388882393442197
490 490 1 0.388882393442197
490 509 1 0.388882393442197
490 527 1 0.388882393442197
490 546 1 0.388882393442197
490 564 1 0.388882393442197
490 583 1 0.388882393442197
490 601 1 0.388882393442197
490 620 1 0.388882393442197
490 638 1 0.388882393442197
490 657 1 0.388882393442197
490 675 1 0.388882393442197
490 694 1 0.388882393442197
490 712 1 0.388882393442197
490 731 1 0.388882393442197
490 750 1 0.388882393442197
490 768 1 0.388882393442197
490 787 1 0.388882393442197
490 805 1 0.388882393442197
490 824 1 0.388882393442197
490 842 1 0.388882393442197
490 861 1 0.388882393442197
490 879 1 0.388882393442197
490 898 1 0.388882393442197
490 916 1 0.388882393442197
490 935 1 0.388882393442197
490 953 1 0.388882393442197
490 972 1 0.388882393442197
490 990 1 0.388882393442197
509 9 1 0.388882393442197
509 27 1 0.388882393442197
509 46 1 0.388882393442197
509 64 1 0.388882393442197
509 83 1 0.388882393442197
509 101 1 0.388882393442197
509 120 1 0.388882393442197
509 138 1 0.388882393442197
509 157 1 0.388882393442197
509 175 1 0.388882393442197
509 194 1 0.388882393442197
509 212 1 0.388882393442197
509 231 1 0.388882393442197
509 250 1 0.388882393442197
509 268 1 0.388882393442197
509 287 1 0.388882393442197
509 305 1 0.388882393442197
509 324 1 0.388882393442197
509 342 1 0.388882393442197
509 361 1 0.388882393442197
509 379 1 0.388882393442197
509 398 1 0.388882393442197
509 416 1 0.388882393442197
509 435 1 0.388882393442197
509 453 1 0.388882393442197
509 472 1 0.388882393442197
509 490 1 0.388882393442197
509 509 1 0.388882393442197
509 527 1 0.388882393442197
509 546 1 0.388882393442197
509 564 1 0.388882393442197
509 583 1 0.388882393442197
509 601 1 0.388882393442197
509 620 1 0.388882393442197
509 638 1 0.388882393442197
509 657 1 0.388882393442197
509 675 1 0.388882393442197
509 694 1 0.388882393442197
509 712 1 0.388882393442197
509 731 1 0.388882393442197
509 750 1 0.388882393442197
509 768 1 0.388882393442197
509 787 1 0.388882393442197
509 805 1 0.388882393442197
509 824 1 0.388882393442197
509 842 1 0.388882393442197
509 861 1 0.388882393442197
509 879 1 0.388882393442197
509 898 1 0.388882393442197
509 916 1 0.388882393442197
509 935 1 0.388882393442197
509 953 1 0.388882393442197
509 972 1 0.388882393442197
509 990 1 0.388882393442197
527 9 1 0.388882393442197
527 27 1 0.388882393442197
527 46 1 0.388882393442197
527 64 1 0.388882393442197
527 83 1 0.388882393442197
527 101 1 0.388882393442197
527 120 1 0.388882393442197
527 138 1 0.388882393442197
527 157 1 0.388882393442197
527 175 1 0.388882393442197
527 194 1 0.388882393442197
527 212 1 0.388882393442197
527 231 1 0.388882393442197
527 250 1 0.388882393442197
527 268 1 0.388882393442197
527 287 1 0.388882393442197
527 305 1 0.388882393442197
527 324 1 0.388882393442197
527 342 1 0.388882393442197
527 361 1 0.388882393442197
527 379 1 0.388882393442197
527 398 1 0.388882393442197
527 416 1 0.388882393442197
527 435 1 0.388882393442197
527 453 1 0.388882393442197
527 472 1 0.388882393442197
527 490 1 0.388882393442197
527 509 1 0.388882393442197
527 527 1 0.388882393442197
527 546 1 0.388882393442197
527 564 1 0.388882393442197
527 583 1 0.388882393442197
527 601 1 0.388882393442197
527 620 1 0.388882393442197
527 638 1 0.388882393442197
527 657 1 0.388882393442197
527 675 1 0.388882393442197
527 694 1 0.388882393442197
527 712 1 0.388882393442197
527 731 1 0.388882393442197
527 750 1 0.388882393442197
527 768 1 0.388882393442197
527 787 1 0.388882393442197
527 805 1 0.388882393442197
527 824 1 0.388882393442197
527 842 1 0.388882393442197
527 861 1 0.388882393442197
527 879 1 0.388882393442197
527 898 1 0.388882393442197
527 916 1 0.388882393442197
527 935 1 0.388882393442197
527 953 1 0.388882393442197
527 972 1 0.388882393442197
527 990 1 0.388882393442197
546 9 1 0.388882393442197
546 27 1 0.388882393442197
546 46 1 0.388882393442197
546 64 1 0.388882393442197
546 83 1 0.388882393442197
546 101 1 0.388882393442197
546 120 1 0.388882393442197
546 138 1 0.388882393442197
546 157 1 0.388882393442197
546 175 1 0.388882393442197
546 194 1 0.388882393442197
546 212 1 0.388882393442197
546 231 1 0.388882393442197
546 250 1 0.388882393442197
546 268 1 0.388882393442197
546 287 1 0.388882393442197
546 305 1 0.388882393442197
546 324 1 0.388882393442197
546 342 1 0.388882393442197
546 361 1 0.388882393442197
546 379 1 0.388882393442197
546 398 1 0.388882393442197
546 416 1 0.388882393442197
546 435 1 0.388882393442197
546 453 1 0.388882393442197
546 472 1 0.388882393442197
546 490 1 0.388882393442197
546 509 1 0.388882393442197
546 527 1 0.388882393442197
546 546 1 0.388882393442197
546 564 1 0.388882393442197
546 583 1 0.388882393442197
546 601 1 0.388882393442197
546 620 1 0.388882393442197
546 638 1 0.388882393442197
546 657 1 0.388882393442197
546 675 1 0.388882393442197
546 694 1 0.388882393442197
546 712 1 0.388882393442197
546 731 1 0.388882393442197
546 750 1 0.388882393442197
546 768 1 0.388882393442197
546 787 1 0.388882393442197
546 805 1 0.388882393442197
546 824 1 0.388882393442197
546 842 1 0.388882393442197
546 861 1 0.388882393442197
546 879 1 0.388882393442197
546 898 1 0.388882393442197
546 916 1 0.388882393442197
546 935 1 0.388882393442197
546 953 1 0.388882393442197
546 972 1 0.388882393442197
546 990 1 0.388882393442197
564 9 1 0.388882393442197
564 27 1 0.388882393442197
564 46 1 0.388882393442197
564 64 1 0.388882393442197
564 83 1 0.388882393442197
564 101 1 0.388882393442197
564 120 1 0.388882393442197
564 138 1 0.388882393442197
564 157 1 0.388882393442197
564 175 1 0.388882393442197
564 194 1 0.388882393442197
564 212 1 0.388882393442197
564 231 1 0.388882393442197
564 250 1 0.388882393442197
564 268 1 0.388882393442197
564 287 1 0.388882393442197
564 305 1 0.388882393442197
564 324 1 0.388882393442197
564 342 1 0.388882393442197
564 361 1 0.388882393442197
564 379 1 0.388882393442197
564 398 1 0.388882393442197
564 416 1 0.388882393442197
564 435 1 0.388882393442197
564 453 1 0.388882393442197
564 472 1 0.388882393442197
564 490 1 0.388882393442197
564 509 1 0.388882393442197
564 527 1 0.388882393442197
564 546 1 0.388882393442197
564 564 1 0.388882393442197
564 583 1 0.388882393442197
564 601 1 0.388882393442197
564 620 1 0.388882393442197
564 638 1 0.388882393442197
564 657 1 0.388882393442197
564 675 1 0.388882393442197
564 694 1 0.388882393442197
564 712 1 0.388882393442197
564 731 1 0.388882393442197
564 750 1 0.388882393442197
564 768 1 0.388882393442197
564 787 1 0.388882393442197
564 805 1 0.388882393442197
564 824 1 0.388882393442197
564 842 1 0.388882393442197
564 861 1 0.388882393442197
564 879 1 0.388882393442197
564 898 1 0.388882393442197
564 916 1 0.388882393442197
564 935 1 0.388882393442197
564 953 1 0.388882393442197
564 972 1 0.388882393442197
564 990 1 0.388882393442197
583 9 1 0.388882393442197
583 27 1 0.388882393442197
583 46 1 0.388882393442197
583 64 1 0.388882393442197
583 83 1 0.388882393442197
583 101 1 0.388882393442197
583 120 1 0.388882393442197
583 138 1 0.388882393442197
583 157 1 0.388882393442197
583 175 1 0.388882393442197
583 194 1 0.388882393442197
583 212 1 0.388882393442197
583 231 1 0.388882393442197
583 250 1 0.388882393442197
583 268 1 0.388882393442197
583 287 1 0.388882393442197
583 305 1 0.388882393442197
583 324 1 0.388882393442197
583 342 1 0.388882393442197
583 361 1 0.388882393442197
583 379 1 0.388882393442197
583 398 1 0.388882393442197
583 416 1 0.388882393442197
583 435 1 0.388882393442197
583 453 1 0.388882393442197
583 472 1 0.388882393442197
583 490 1 0.388882393442197
583 509 1 0.388882393442197
583 527 1 0.388882393442197
583 546 1 0.388882393442197
583 564 1 0.388882393442197
583 583 1 0.388882393442197
583 601 1 0.388882393442197
583 620 1 0.388882393442197
583 638 1 0.388882393442197
583 657 1 0.388882393442197
583 675 1 0.388882393442197
583 694 1 0.388882393442197
583 712 1 0.388882393442197
583 731 1 0.388882393442197
583 750 1 0.388882393442197
583 768 1 0.388882393442197
583 787 1 0.388882393442197
583 805 1 0.388882393442197
583 824 1 0.388882393442197
583 842 1 0.388882393442197
583 861 1 0.388882393442197
583 879 1 0.388882393442197
583 898 1 0.388882393442197
583 916 1 0.388882393442197
583 935 1 0.388882393442197
583 953 1 0.388882393442197
583 972 1 0.388882393442197
583 990 1 0.388882393442197
601 9 1 0.388882393442197
601 27 1 0.388882393442197
601 46 1 0.388882393442197
601 64 1 0.388882393442197
601 83 1 0.388882393442197
601 101 1 0.388882393442197
601 120 1 0.388882393442197
601 138 1 0.388882393442197
601 157 1 0.388882393442197
601 175 1 0.388882393442197
601 194 1 0.388882393442197
601 212 1 0.388882393442197
601 231 1 0.388882393442197
601 250 1 0.388882393442197
601 268 1 0.388882393442197
601 287 1 0.388882393442197
601 305 1 0.388882393442197
601 324 1 0.388882393442197
601 342 1 0.388882393442197
601 361 1 0.388882393442197
601 379 1 0.388882393442197
601 398 1 0.388882393442197
601 416 1 0.388882393442197
601 435 1 0.388882393442197
601 453 1 0.388882393442197
601 472 1 0.388882393442197
601 490 1 0.388882393442197
601 509 1 0.388882393442197
601 527 1 0.388882393442197
601 546 1 0.388882393442197
601 564 1 0.388882393442197
601 583 1 0.388882393442197
601 601 1 0.388882393442197
601 620 1 0.388882393442197
601 638 1 0.388882393442197
601 657 1 0.388882393442197
601 675 1 0.388882393442197
601 694 1 0.388882393442197
601 712 1 0.388882393442197
601 731 1 0.388882393442197
601 750 1 0.388882393442197
601 768 1 0.388882393442197
601 787 1 0.388882393442197
601 805 1 0.388882393442197
601 824 1 0.388882393442197
601 842 1 0.388882393442197
601 861 1 0.388882393442197
601 879 1 0.388882393442197
601 898 1 0.388882393442197
601 916 1 0.388882393442197
601 935 1 0.388882393442197
601 953 1 0.388882393442197
601 972 1 0.388882393442197
601 990 1 0.388882393442197
620 9 1 0.388882393442197
620 27 1 0.388882393442197
620 46 1 0.388882393442197
620 64 1 0.388882393442197
620 83 1 0.388882393442197
620 101 1 0.388882393442197
620 120 1 0.388882393442197
620 138 1 0.388882393442197
620 157 1 0.388882393442197
620 175 1 0.388882393442197
620 194 1 0.388882393442197
620 212 1 0.388882393442197
620 231 1 0.388882393442197
620 250 1 0.388882393442197
620 268 1 0.388882393442197
620 287 1 0.388882393442197
620 305 1 0.388882393442197
620 324 1 0.388882393442197
620 342 1 0.388882393442197
620 361 1 0.388882393442197
620 379 1 0.388882393442197
620 398 1 0.388882393442197
620 416 1 0.388882393442197
620 435 1 0.388882393442197
620 453 1 0.388882393442197
620 472 1 0.388882393442197
620 490 1 0.388882393442197
620 509 1 0.388882393442197
620 527 1 0.388882393442197
620 546 1 0.388882393442197
620 564 1 0.388882393442197
620 583 1 0.388882393442197
620 601 1 0.388882393442197
620 620 1 0.388882393442197
620 638 1 0.388882393442197
620 657 1 0.388882393442197
620 675 1 0.388882393442197
620 694 1 0.388882393442197
620 712 1 0.388882393442197
620 731 1 0.388882393442197
620 750 1 0.388882393442197
620 768 1 0.388882393442197
620 787 1 0.388882393442197
620 805 1 0.388882393442197
620 824 1 0.388882393442197
620 842 1 0.388882393442197
620 861 1 0.388882393442197
620 879 1 0.388882393442197
620 898 1 0.388882393442197
620 916 1 0.388882393442197
620 935 1 0.388882393442197
620 953 1 0.388882393442197
620 972 1 0.388882393442197
620 990 1 0.388882393442197
638 9 1 0.388882393442197
638 27 1 0.388882393442197
638 46 1 0.388882393442197
638 64 1 0.388882393442197
638 83 1 0.388882393442197
638 101 1 0.388882393442197
638 120 1 0.388882393442197
638 138 1 0.388882393442197
638 157 1 0.388882393442197
638 175 1 0.388882393442197
638 194 1 0.388882393442197
638 212 1 0.388882393442197
638 231 1 0.388882393442197
638 250 1 0.388882393442197
638 268 1 0.388882393442197
638 287 1 0.388882393442197
638 305 1 0.388882393442197
638 324 1 0.388882393442197
638 342 1 0.388882393442197
638 361 1 0.388882393442197
638 379 1 0.388882393442197
638 398 1 0.388882393442197
638 416 1 0.388882393442197
638 435 1 0.388882393442197
638 453 1 0.388882393442197
638 472 1 0.388882393442197
638 490 1 0.388882393442197
638 509 1 0.388882393442197
638 527 1 0.388882393442197
638 546 1 0.388882393442197
638 564 1 0.388882393442197
638 583 1 0.388882393442197
638 601 1 0.388882393442197
638 620 1 0.388882393442197
638 638 1 0.388882393442197
638 657 1 0.388882393442197
638 675 1 0.388882393442197
638 694 1 0.388882393442197
638 712 1 0.388882393442197
638 731 1 0.388882393442197
638 750 1 0.388882393442197
638 768 1 0.388882393442197
638 787 1 0.388882393442197
638 805 1 0.388882393442197
638 824 1 0.388882393442197
638 842 1 0.388882393442197
638 861 1 0.388882393442197
638 879 1 0.388882393442197
638 898 1 0.388882393442197
638 916 1 0.388882393442197
638 935 1 0.388882393442197
638 953 1 0.388882393442197
638 972 1 0.388882393442197
638 990 1 0.388882393442197
657 9 1 0.388882393442197
657 27 1 0.388882393442197
657 46 1 0.388882393442197
657 64 1 0.388882393442197
657 83 1 0.388882393442197
657 101 1 0.388882393442197
657 120 1 0.388882393442197
657 138 1 0.388882393442197
657 157 1 0.388882393442197
657 175 1 0.388882393442197
657 194 1 0.388882393442197
657 212 1 0.388882393442197
657 231 1 0.388882393442197
657 250 1 0.388882393442197
657 268 1 0.388882393442197
657 287 1 0.388882393442197
657 305 1 0.388882393442197
657 324 1 0.388882393442197
657 342 1 0.388882393442197
657 361 1 0.388882393442197
657 379 1 0.388882393442197
657 398 1 0.388882393442197
657 416 1 0.388882393442197
657 435 1 0.388882393442197
657 453 1 0.388882393442197
657 472 1 0.388882393442197
657 490 1 0.388882393442197
657 509 1 0.388882393442197
657 527 1 0.388882393442197
657 546 1 0.388882393442197
657 564 1 0.388882393442197
657 583 1 0.388882393442197
657 601 1 0.388882393442197
657 620 1 0.388882393442197
657 638 1 0.388882393442197
657 657 1 0.388882393442197
657 675 1 0.388882393442197
657 694 1 0.388882393442197
657 712 1 0.388882393442197
657 731 1 0.388882393442197
657 750 1 0.388882393442197
657 768 1 0.388882393442197
657 787 1 0.388882393442197
657 805 1 0.388882393442197
657 824 1 0.388882393442197
657 842 1 0.388882393442197
657 861 1 0.388882393442197
657 879 1 0.388882393442197
657 898 1 0.388882393442197
657 916 1 0.388882393442197
657 935 1 0.388882393442197
657 953 1 0.388882393442197
657 972 1 0.388882393442197
657 990 1 0.388882393442197
675 9 1 0.388882393442197
675 27 1 0.388882393442197
675 46 1 0.388882393442197
675 64 1 0.388882393442197
675 83 1 0.388882393442197
675 101 1 0.388882393442197
675 120 1 0.388882393442197
675 138 1 0.388882393442197
675 157 1 0.388882393442197
675 175 1 0.388882393442197
675 194 1 0.388882393442197
675 212 1 0.388882393442197
675 231 1 0.388882393442197
675 250 1 0.388882393442197
675 268 1 0.388882393442197
675 287 1 0.388882393442197
675 305 1 0.388882393442197
675 324 1 0.388882393442197
675 342 1 0.388882393442197
675 361 1 0.388882393442197
675 379 1 0.388882393442197
675 398 1 0.388882393442197
675 416 1 0.388882393442197
675 435 1 0.388882393442197
675 453 1 0.388882393442197
675 472 1 0.388882393442197
675 490 1 0.388882393442197
675 509 1 0.388882393442197
675 527 1 0.388882393442197
675 546 1 0.388882393442197
675 564 1 0.388882393442197
675 583 1 0.388882393442197
675 601 1 0.388882393442197
675 620 1 0.388882393442197
675 638 1 0.388882393442197
675 657 1 0.388882393442197
675 675 1 0.388882393442197
675 694 1 0.388882393442197
675 712 1 0.388882393442197
675 731 1 0.388882393442197
675 750 1 0.388882393442197
675 768 1 0.388882393442197
675 787 1 0.388882393442197
675 805 1 0.388882393442197
675 824 1 0.388882393442197
675 842 1 0.388882393442197
675 861 1 0.388882393442197
675 879 1 0.388882393442197
675 898 1 0.388882393442197
675 916 1 0.388882393442197
675 935 1 0.388882393442197
675 953 1 0.388882393442197
675 972 1 0.388882393442197
675 990 1 0.388882393442197
694 9 1 0.388882393442197
694 27 1 0.388882393442197
694 46 1 0.388882393442197
694 64 1 0.388882393442197
694 83 1 0.388882393442197
694 101 1 0.388882393442197
694 120 1 0.388882393442197
694 138 1 0.388882393442197
694 157 1 0.388882393442197
694 175 1 0.388882393442197
694 194 1 0.388882393442197
694 212 1 0.388882393442197
694 231 1 0.388882393442197
694 250 1 0.388882393442197
694 268 1 0.388882393442197
694 287 1 0.388882393442197
694 305 1 0.388882393442197
694 324 1 0.388882393442197
694 342 1 0.388882393442197
694 361 1 0.388882393442197
694 379 1 0.388882393442197
694 398 1 0.388882393442197
694 416 1 0.388882393442197
694 435 1 0.388882393442197
694 453 1 0.388882393442197
694 472 1 0.388882393442197
694 490 1 0.388882393442197
694 509 1 0.388882393442197
694 527 1 0.388882393442197
694 546 1 0.388882393442197
694 564 1 0.388882393442197
694 583 1 0.388882393442197
694 601 1 0.388882393442197
694 620 1 0.388882393442197
694 638 1 0.388882393442197
694 657 1 0.388882393442197
694 675 1 0.388882393442197
694 694 1 0.388882393442197
694 712 1 0.388882393442197
694 731 1 0.388882393442197
694 750 1 0.388882393442197
694 768 1 0.388882393442197
694 787 1 0.388882393442197
694 805 1 0.388882393442197
694 824 1 0.388882393442197
694 842 1 0.388882393442197
694 861 1 0.388882393442197
694 879 1 0.388882393442197
694 898 1 0.388882393442197
694 916 1 0.388882393442197
694 935 1 0.388882393442197
694 953 1 0.388882393442197
694 972 1 0.388882393442197
694 990 1 0.388882393442197
712 9 1 0.388882393442197
712 27 1 0.388882393442197
712 46 1 0.388882393442197
712 64 1 0.388882393442197
712 83 1 0.388882393442197
712 101 1 0.388882393442197
712 120 1 0.388882393442197
712 138 1 0.388882393442197
712 157 1 0.388882393442197
712 175 1 0.388882393442197
712 194 1 0.388882393442197
712 212 1 0.388882393442197
712 231 1 0.388882393442197
712 250 1 0.388882393442197
712 268 1 0.388882393442197
712 287 1 0.388882393442197
712 305 1 0.388882393442197
712 324 1 0.388882393442197
712 342 1 0.388882393442197
712 361 1 0.388882393442197
712 379 1 0.388882393442197
712 398 1 0.388882393442197
712 416 1 0.388882393442197
712 435 1 0.388882393442197
712 453 1 0.388882393442197
712 472 1 0.388882393442197
712 490 1 0.388882393442197
712 509 1 0.388882393442197
712 527 1 0.388882393442197
712 546 1 0.388882393442197
712 564 1 0.388882393442197
712 583 1 0.388882393442197
712 601 1 0.388882393442197
712 620 1 0.388882393442197
712 638 1 0.388882393442197
712 657 1 0.388882393442197
712 675 1 0.388882393442197
712 694 1 0.388882393442197
712 712 1 0.388882393442197
712 731 1 0.388882393442197
712 750 1 0.388882393442197
712 768 1 0.388882393442197
712 787 1 0.388882393442197
712 805 1 0.388882393442197
712 824 1 0.388882393442197
712 842 1 0.388882393442197
712 861 1 0.388882393442197
712 879 1 0.388882393442197
712 898 1 0.388882393442197
712 916 1 0.388882393442197
712 935 1 0.388882393442197
712 953 1 0.388882393442197
712 972 1 0.388882393442197
712 990 1 0.388882393442197
731 9 1 0.388882393442197
731 27 1 0.388882393442197
731 46 1 0.388882393442197
731 64 1 0.388882393442197
731 83 1 0.388882393442197
731 101 1 0.388882393442197
731 120 1 0.388882393442197
731 138 1 0.388882393442197
731 157 1 0.388882393442197
731 175 1 0.388882393442197
731 194 1 0.388882393442197
731 212 1 0.388882393442197
731 231 1 0.388882393442197
731 250 1 0.388882393442197
731 268 1 0.388882393442197
731 287 1 0.388882393442197
731 305 1 0.388882393442197
731 324 1 0.388882393442197
731 342 1 0.388882393442197
731 361 1 0.388882393442197
731 379 1 0.388882393442197
731 398 1 0.388882393442197
731 416 1 0.388882393442197
731 435 1 0.388882393442197
731 453 1 0.388882393442197
731 472 1 0.388882393442197
731 490 1 0.388882393442197
731 509 1 0.388882393442197
731 527 1 0.388882393442197
731 546 1 0.388882393442197
731 564 1 0.388882393442197
731 583 1 0.388882393442197
731 601 1 0.388882393442197
731 620 1 0.388882393442197
731 638 1 0.388882393442197
731 657 1 0.388882393442197
731 675 1 0.388882393442197
731 694 1 0.388882393442197
731 712 1 0.388882393442197
731 731 1 0.388882393442197
731 750 1 0.388882393442197
731 768 1 0.388882393442197
731 787 1 0.388882393442197
731 805 1 0.388882393442197
731 824 1 0.388882393442197
731 842 1 0.388882393442197
731 861 1 0.388882393442197
731 879 1 0.388882393442197
731 898 1 0.388882393442197
731 916 1 0.388882393442197
731 935 1 0.388882393442197
731 953 1 0.388882393442197
731 972 1 0.388882393442197
731 990 1 0.388882393442197
750 9 1 0.388882393442197
750 27 1 0.388882393442197
750 46 1 0.388882393442197
750 64 1 0.388882393442197
750 83 1 0.388882393442197
750 101 1 0.388882393442197
750 120 1 0.388882393442197
750 138 1 0.388882393442197
750 157 1 0.388882393442197
750 175 1 0.388882393442197
750 194 1 0.388882393442197
750 212 1 0.388882393442197
750 231 1 0.388882393442197
750 250 1 0.388882393442197
750 268 1 0.388882393442197
750 287 1 0.388882393442197
750 305 1 0.388882393442197
750 324 1 0.388882393442197
750 342 1 0.388882393442197
750 361 1 0.388882393442197
750 379 1 0.388882393442197
750 398 1 0.388882393442197
750 416 1 0.388882393442197
750 435 1 0.388882393442197
750 453 1 0.388882393442197
750 472 1 0.388882393442197
750 490 1 0.388882393442197
750 509 1 0.388882393442197
750 527 1 0.388882393442197
750 546 1 0.388882393442197
750 564 1 0.388882393442197
750 583 1 0.388882393442197
750 601 1 0.388882393442197
750 620 1 0.388882393442197
750 638 1 0.388882393442197
750 657 1 0.388882393442197
750 675 1 0.388882393442197
750 694 1 0.388882393442197
750 712 1 0.388882393442197
750 731 1 0.388882393442197
750 750 1 0.388882393442197
750 768 1 0.388882393442197
750 787 1 0.388882393442197
750 805 1 0.388882393442197
750 824 1 0.388882393442197
750 842 1 0.388882393442197
750 861 1 0.388882393442197
750 879 1 0.388882393442197
750 898 1 0.388882393442197
750 916 1 0.388882393442197
750 935 1 0.388882393442197
750 953 1 0.388882393442197
750 972 1 0.388882393442197
750 990 1 0.388882393442197
768 9 1 0.388882393442197
768 27 1 0.388882393442197
768 46 1 0.388882393442197
768 64 1 0.388882393442197
768 83 1 0.388882393442197
768 101 1 0.388882393442197
768 120 1 0.388882393442197
768 138 1 0.388882393442197
768 157 1 0.388882393442197
768 175 1 0.388882393442197
768 194 1 0.388882393442197
768 212 1 0.388882393442197
768 231 1 0.388882393442197
768 250 1 0.388882393442197
768 268 1 0.388882393442197
768 287 1 0.388882393442197
768 305 1 0.388882393442197
768 324 1 0.388882393442197
768 342 1 0.388882393442197
768 361 1 0.388882393442197
768 379 1 0.388882393442197
768 398 1 0.388882393442197
768 416 1 0.388882393442197
768 435 1 0.388882393442197
768 453 1 0.388882393442197
768 472 1 0.388882393442197
768 490 1 0.388882393442197
768 509 1 0.388882393442197
768 527 1 0.388882393442197
768 546 1 0.388882393442197
768 564 1 0.388882393442197
768 583 1 0.388882393442197
768 601 1 0.388882393442197
768 620 1 0.388882393442197
768 638 1 0.388882393442197
768 657 1 0.388882393442197
768 675 1 0.388882393442197
768 694 1 0.388882393442197
768 712 1 0.388882393442197
768 731 1 0.388882393442197
768 750 1 0.388882393442197
768 768 1 0.388882393442197
768 787 1 0.388882393442197
768 805 1 0.388882393442197
768 824 1 0.388882393442197
768 842 1 0.388882393442197
768 861 1 0.388882393442197
768 879 1 0.388882393442197
768 898 1 0.388882393442197
768 916 1 0.388882393442197
768 935 1 0.388882393442197
768 953 1 0.388882393442197
768 972 1 0.388882393442197
768 990 1 0.388882393442197
787 9 1 0.388882393442197
787 27 1 0.388882393442197
787 46 1 0.388882393442197
787 64 1 0.388882393442197
787 83 1 0.388882393442197
787 101 1 0.388882393442197
787 120 1 0.388882393442197
787 138 1 0.388882393442197
787 157 1 0.388882393442197
787 175 1 0.388882393442197
787 194 1 0.388882393442197
787 212 1 0.388882393442197
787 231 1 0.388882393442197
787 250 1 0.388882393442197
787 268 1 0.388882393442197
787 287 1 0.388882393442197
787 305 1 0.388882393442197
787 324 1 0.388882393442197
787 342 1 0.388882393442197
787 361 1 0.388882393442197
787 379 1 0.388882393442197
787 398 1 0.388882393442197
787 416 1 0.388882393442197
787 435 1 0.388882393442197
787 453 1 0.388882393442197
787 472 1 0.388882393442197
787 490 1 0.388882393442197
787 509 1 0.388882393442197
787 527 1 0.388882393442197
787 546 1 0.388882393442197
787 564 1 0.388882393442197
787 583 1 0.388882393442197
787 601 1 0.388882393442197
787 620 1 0.388882393442197
787 638 1 0.388882393442197
787 657 1 0.388882393442197
787 675 1 0.388882393442197
787 694 1 0.388882393442197
787 712 1 0.388882393442197
787 731 1 0.388882393442197
787 750 1 0.388882393442197
787 768 1 0.388882393442197
787 787 1 0.388882393442197
787 805 1 0.388882393442197
787 824 1 0.388882393442197
787 842 1 0.388882393442197
787 861 1 0.388882393442197
787 879 1 0.388882393442197
787 898 1 0.388882393442197
787 916 1 0.388882393442197
787 935 1 0.388882393442197
787 953 1 0.388882393442197
787 972 1 0.388882393442197
787 990 1 0.388882393442197
805 9 1 0.388882393442197
805 27 1 0.388882393442197
805 46 1 0.388882393442197
805 64 1 0.388882393442197
805 83 1 0.388882393442197
805 101 1 0.388882393442197
805 120 1 0.388882393442197
805 138 1 0.388882393442197
805 157 1 0.388882393442197
805 175 1 0.388882393442197
805 194 1 0.388882393442197
805 212 1 0.388882393442197
805 231 1 0.388882393442197
805 250 1 0.388882393442197
805 268 1 0.388882393442197
805 287 1 0.388882393442197
805 305 1 0.388882393442197
805 324 1 0.388882393442197
805 342 1 0.388882393442197
805 361 1 0.388882393442197
805 379 1 0.388882393442197
805 398 1 0.388882393442197
805 416 1 0.388882393442197
805 435 1 0.388882393442197
805 453 1 0.388882393442197
805 472 1 0.388882393442197
805 490 1 0.388882393442197
805 509 1 0.388882393442197
805 527 1 0.388882393442197
805 546 1 0.388882393442197
805 564 1 0.388882393442197
805 583 1 0.388882393442197
805 601 1 0.388882393442197
805 620 1 0.388882393442197
805 638 1 0.388882393442197
805 657 1 0.388882393442197
805 675 1 0.388882393442197
805 694 1 0.388882393442197
805 712 1 0.388882393442197
805 731 1 0.388882393442197
805 750 1 0.388882393442197
805 768 1 0.388882393442197
805 787 1 0.388882393442197
805 805 1 0.388882393442197
805 824 1 0.388882393442197
805 842 1 0.388882393442197
805 861 1 0.388882393442197
805 879 1 0.388882393442197
805 898 1 0.388882393442197
805 916 1 0.388882393442197
805 935 1 0.388882393442197
805 953 1 0.388882393442197
805 972 1 0.388882393442197
805 990 1 0.388882393442197
824 9 1 0.388882393442197
824 27 1 0.388882393442197
824 46 1 0.388882393442197
824 64 1 0.388882393442197
824 83 1 0.388882393442197
824 101 1 0.388882393442197
824 120 1 0.388882393442197
824 138 1 0.388882393442197
824 157 1 0.388882393442197
824 175 1 0.388882393442197
824 194 1 0.388882393442197
824 212 1 0.388882393442197
824 231 1 0.388882393442197
824 250 1 0.388882393442197
824 268 1 0.388882393442197
824 287 1 0.388882393442197
824 305 1 0.388882393442197
824 324 1 0.388882393442197
824 342 1 0.388882393442197
824 361 1 0.388882393442197
824 379 1 0.388882393442197
824 398 1 0.388882393442197
824 416 1 0.388882393442197
824 435 1 0.388882393442197
824 453 1 0.388882393442197
824 472 1 0.388882393442197
824 490 1 0.388882393442197
824 509 1 0.388882393442197
824 527 1 0.388882393442197
824 546 1 0.388882393442197
824 564 1 0.388882393442197
824 583 1 0.388882393442197
824 601 1 0.388882393442197
824 620 1 0.388882393442197
824 638 1 0.388882393442197
824 657 1 0.388882393442197
824 675 1 0.388882393442197
824 694 1 0.388882393442197
824 712 1 0.388882393442197
824 731 1 0.388882393442197
824 750 1 0.388882393442197
824 768 1 0.388882393442197
824 787 1 0.388882393442197
824 805 1 0.388882393442197
824 824 1 0.388882393442197
824 842 1 0.388882393442197
824 861 1 0.388882393442197
824 879 1 0.388882393442197
824 898 1 0.388882393442197
824 916 1 0.388882393442197
824 935 1 0.388882393442197
824 953 1 0.388882393442197
824 972 1 0.388882393442197
824 990 1 0.388882393442197
842 9 1 0.388882393442197
842 27 1 0.388882393442197
842 46 1 0.388882393442197
842 64 1 0.388882393442197
842 83 1 0.388882393442197
842 101 1 0.388882393442197
842 120 1 0.388882393442197
842 138 1 0.388882393442197
842 157 1 0.388882393442197
842 175 1 0.388882393442197
842 194 1 0.388882393442197
842 212 1 0.388882393442197
842 231 1 0.388882393442197
842 250 1 0.388882393442197
842 268 1 0.388882393442197
842 287 1 0.388882393442197
842 305 1 0.388882393442197
842 324 1 0.388882393442197
842 342 1 0.388882393442197
842 361 1 0.388882393442197
842 379 1 0.388882393442197
842 398 1 0.388882393442197
842 416 1 0.388882393442197
842 435 1 0.388882393442197
842 453 1 0.388882393442197
842 472 1 0.388882393442197
842 490 1 0.388882393442197
842 509 1 0.388882393442197
842 527 1 0.388882393442197
842 546 1 0.388882393442197
842 564 1 0.388882393442197
842 583 1 0.388882393442197
842 601 1 0.388882393442197
842 620 1 0.388882393442197
842 638 1 0.388882393442197
842 657 1 0.388882393442197
842 675 1 0.388882393442197
842 694 1 0.388882393442197
842 712 1 0.388882393442197
842 731 1 0.388882393442197
842 750 1 0.388882393442197
842 768 1 0.388882393442197
842 787 1 0.388882393442197
842 805 1 0.388882393442197
842 824 1 0.388882393442197
842 842 1 0.388882393442197
842 861 1 0.388882393442197
842 879 1 0.388882393442197
842 898 1 0.388882393442197
842 916 1 0.388882393442197
842 935 1 0.388882393442197
842 953 1 0.388882393442197
842 972 1 0.388882393442197
842 990 1 0.388882393442197
861 9 1 0.388882393442197
861 27 1 0.388882393442197
861 46 1 0.388882393442197
861 64 1 0.388882393442197
861 83 1 0.388882393442197
861 101 1 0.388882393442197
861 120 1 0.388882393442197
861 138 1 0.388882393442197
861 157 1 0.388882393442197
861 175 1 0.388882393442197
861 194 1 0.388882393442197
861 212 1 0.388882393442197
861 231 1 0.388882393442197
861 250 1 0.388882393442197
861 268 1 0.388882393442197
861 287 1 0.388882393442197
861 305 1 0.388882393442197
861 324 1 0.388882393442197
861 342 1 0.388882393442197
861 361 1 0.388882393442197
861 379 1 0.388882393442197
861 398 1 0.388882393442197
861 416 1 0.388882393442197
861 435 1 0.388882393442197
861 453 1 0.388882393442197
861 472 1 0.388882393442197
861 490 1 0.388882393442197
861 509 1 0.388882393442197
861 527 1 0.388882393442197
861 546 1 0.388882393442197
861 564 1 0.388882393442197
861 583 1 0.388882393442197
861 601 1 0.388882393442197
861 620 1 0.388882393442197
861 638 1 0.388882393442197
861 657 1 0.388882393442197
861 675 1 0.388882393442197
861 694 1 0.388882393442197
861 712 1 0.388882393442197
861 731 1 0.388882393442197
861 750 1 0.388882393442197
861 768 1 0.388882393442197
861 787 1 0.388882393442197
861 805 1 0.388882393442197
861 824 1 0.388882393442197
861 842 1 0.388882393442197
861 861 1 0.388882393442197
861 879 1 0.388882393442197
861 898 1 0.388882393442197
861 916 1 0.388882393442197
861 935 1 0.388882393442197
861 953 1 0.388882393442197
861 972 1 0.388882393442197
861 990 1 0.388882393442197
879 9 1 0.388882393442197
879 27 1 0.388882393442197
879 46 1 0.388882393442197
879 64 1 0.388882393442197
879 83 1 0.388882393442197
879 101 1 0.388882393442197
879 120 1 0.388882393442197
879 138 1 0.388882393442197
879 157 1 0.388882393442197
879 175 1 0.388882393442197
879 194 1 0.388882393442197
879 212 1 0.388882393442197
879 231 1 0.388882393442197
879 250 1 0.388882393442197
879 268 1 0.388882393442197
879 287 1 0.388882393442197
879 305 1 0.388882393442197
879 324 1 0.388882393442197
879 342 1 0.388882393442197
879 361 1 0.388882393442197
879 379 1 0.388882393442197
879 398 1 0.388882393442197
879 416 1 0.388882393442197
879 435 1 0.388882393442197
879 453 1 0.388882393442197
879 472 1 0.388882393442197
879 490 1 0.388882393442197
879 509 1 0.388882393442197
879 527 1 0.388882393442197
879 546 1 0.388882393442197
879 564 1 0.388882393442197
879 583 1 0.388882393442197
879 601 1 0.388882393442197
879 620 1 0.388882393442197
879 638 1 0.388882393442197
879 657 1 0.388882393442197
879 675 1 0.388882393442197
879 694 1 0.388882393442197
879 712 1 0.388882393442197
879 731 1 0.388882393442197
879 750 1 0.388882393442197
879 768 1 0.388882393442197
879 787 1 0.388882393442197
879 805 1 0.388882393442197
879 824 1 0.388882393442197
879 842 1 0.388882393442197
879 861 1 0.388882393442197
879 879 1 0.388882393442197
879 898 1 0.388882393442197
879 916 1 0.388882393442197
879 935 1 0.388882393442197
879 953 1 0.388882393442197
879 972 1 0.388882393442197
879 990 1 0.388882393442197
898 9 1 0.388882393442197
898 27 1 0.388882393442197
898 46 1 0.388882393442197
898 64 1 0.388882393442197
898 83 1 0.388882393442197
898 101 1 0.388882393442197
898 120 1 0.388882393442197
898 138 1 0.388882393442197
898 157 1 0.388882393442197
898 175 1 0.388882393442197
898 194 1 0.388882393442197
898 212 1 0.388882393442197
898 231 1 0.388882393442197
898 250 1 0.388882393442197
898 268 1 0.388882393442197
898 287 1 0.388882393442197
898 305 1 0.388882393442197
898 324 1 0.388882393442197
898 342 1 0.388882393442197
898 361 1 0.388882393442197
898 379 1 0.388882393442197
898 398 1 0.388882393442197
898 416 1 0.388882393442197
898 435 1 0.388882393442197
898 453 1 0.388882393442197
898 472 1 0.388882393442197
898 490 1 0.388882393442197
898 509 1 0.388882393442197
898 527 1 0.388882393442197
898 546 1 0.388882393442197
898 564 1 0.388882393442197
898 583 1 0.388882393442197
898 601 1 0.388882393442197
898 620 1 0.388882393442197
898 638 1 0.388882393442197
898 657 1 0.388882393442197
898 675 1 0.388882393442197
898 694 1 0.388882393442197
898 712 1 0.388882393442197
898 731 1 0.388882393442197
898 750 1 0.388882393442197
898 768 1 0.388882393442197
898 787 1 0.388882393442197
898 805 1 0.388882393442197
898 824 1 0.388882393442197
898 842 1 0.388882393442197
898 861 1 0.388882393442197
898 879 1 0.388882393442197
898 898 1 0.388882393442197
898 916 1 0.388882393442197
898 935 1 0.388882393442197
898 953 1 0.388882393442197
898 972 1 0.388882393442197
898 990 1 0.388882393442197
916 9 1 0.388882393442197
916 27 1 0.388882393442197
916 46 1 0.388882393442197
916 64 1 0.388882393442197
916 83 1 0.388882393442197
916 101 1 0.388882393442197
916 120 1 0.388882393442197
916 138 1 0.388882393442197
916 157 1 0.388882393442197
916 175 1 0.388882393442197
916 194 1 0.388882393442197
916 212 1 0.388882393442197
916 231 1 0.388882393442197
916 250 1 0.388882393442197
916 268 1 0.388882393442197
916 287 1 0.388882393442197
916 305 1 0.388882393442197
916 324 1 0.388882393442197
916 342 1 0.388882393442197
916 361 1 0.388882393442197
916 379 1 0.388882393442197
916 398 1 0.388882393442197
916 416 1 0.388882393442197
916 435 1 0.388882393442197
916 453 1 0.388882393442197
916 472 1 0.388882393442197
916 490 1 0.388882393442197
916 509 1 0.388882393442197
916 527 1 0.388882393442197
916 546 1 0.388882393442197
916 564 1 0.388882393442197
916 583 1 0.388882393442197
916 601 1 0.388882393442197
916 620 1 0.388882393442197
916 638 1 0.388882393442197
916 657 1 0.388882393442197
916 675 1 0.388882393442197
916 694 1 0.388882393442197
916 712 1 0.388882393442197
916 731 1 0.388882393442197
916 750 1 0.388882393442197
916 768 1 0.388882393442197
916 787 1 0.388882393442197
916 805 1 0.388882393442197
916 824 1 0.388882393442197
916 842 1 0.388882393442197
916 861 1 0.388882393442197
916 879 1 0.388882393442197
916 898 1 0.388882393442197
916 916 1 0.388882393442197
916 935 1 0.388882393442197
916 953 1 0.388882393442197
916 972 1 0.388882393442197
916 990 1 0.388882393442197
935 9 1 0.388882393442197
935 27 1 0.388882393442197
935 46 1 0.388882393442197
935 64 1 0.388882393442197
935 83 1 0.388882393442197
935 101 1 0.388882393442197
935 120 1 0.388882393442197
935 138 1 0.388882393442197
935 157 1 0.388882393442197
935 175 1 0.388882393442197
935 194 1 0.388882393442197
935 212 1 0.388882393442197
935 231 1 0.388882393442197
935 250 1 0.388882393442197
935 268 1 0.388882393442197
935 287 1 0.388882393442197
935 305 1 0.388882393442197
935 324 1 0.388882393442197
935 342 1 0.388882393442197
935 361 1 0.388882393442197
935 379 1 0.388882393442197
935 398 1 0.388882393442197
935 416 1 0.388882393442197
935 435 1 0.388882393442197
935 453 1 0.388882393442197
935 472 1 0.388882393442197
935 490 1 0.388882393442197
935 509 1 0.388882393442197
935 527 1 0.388882393442197
935 546 1 0.388882393442197
935 564 1 0.388882393442197
935 583 1 0.388882393442197
935 601 1 0.388882393442197
935 620 1 0.388882393442197
935 638 1 0.388882393442197
935 657 1 0.388882393442197
935 675 1 0.388882393442197
935 694 1 0.388882393442197
935 712 1 0.388882393442197
935 731 1 0.388882393442197
935 750 1 0.388882393442197
935 768 1 0.388882393442197
935 787 1 0.388882393442197
935 805 1 0.388882393442197
935 824 1 0.388882393442197
935 842 1 0.388882393442197
935 861 1 0.388882393442197
935 879 1 0.388882393442197
935 898 1 0.388882393442197
935 916 1 0.388882393442197
935 935 1 0.388882393442197
935 953 1 0.388882393442197
935 972 1 0.388882393442197
935 990 1 0.388882393442197
953 9 1 0.388882393442197
953 27 1 0.388882393442197
953 46 1 0.388882393442197
953 64 1 0.388882393442197
953 83 1 0.388882393442197
953 101 1 0.388882393442197
953 120 1 0.388882393442197
953 138 1 0.388882393442197
953 157 1 0.388882393442197
953 175 1 0.388882393442197
953 194 1 0.388882393442197
953 212 1 0.388882393442197
953 231 1 0.388882393442197
953 250 1 0.388882393442197
953 268 1 0.388882393442197
953 287 1 0.388882393442197
953 305 1 0.388882393442197
953 324 1 0.388882393442197
953 342 1 0.388882393442197
953 361 1 0.388882393442197
953 379 1 0.388882393442197
953 398 1 0.388882393442197
953 416 1 0.388882393442197
953 435 1 0.388882393442197
953 453 1 0.388882393442197
953 472 1 0.388882393442197
953 490 1 0.388882393442197
953 509 1 0.388882393442197
953 527 1 0.388882393442197
953 546 1 0.388882393442197
953 564 1 0.388882393442197
953 583 1 0.388882393442197
953 601 1 0.388882393442197
953 620 1 0.388882393442197
953 638 1 0.388882393442197
953 657 1 0.388882393442197
953 675 1 0.388882393442197
953 694 1 0.388882393442197
953 712 1 0.388882393442197
953 731 1 0.388882393442197
953 750 1 0.388882393442197
953 768 1 0.388882393442197
953 787 1 0.388882393442197
953 805 1 0.388882393442197
953 824 1 0.388882393442197
953 842 1 0.388882393442197
953 861 1 0.388882393442197
953 879 1 0.388882393442197
953 898 1 0.388882393442197
953 916 1 0.388882393442197
953 935 1 0.388882393442197
953 953 1 0.388882393442197
953 972 1 0.388882393442197
953 990 1 0.388882393442197
972 9 1 0.388882393442197
972 27 1 0.388882393442197
972 46 1 0.388882393442197
972 64 1 0.388882393442197
972 83 1 0.388882393442197
972 101 1 0.388882393442197
972 120 1 0.388882393442197
972 138 1 0.388882393442197
972 157 1 0.388882393442197
972 175 1 0.388882393442197
972 194 1 0.388882393442197
972 212 1 0.388882393442197
972 231 1 0.388882393442197
972 250 1 0.388882393442197
972 268 1 0.388882393442197
972 287 1 0.388882393442197
972 305 1 0.388882393442197
972 324 1 0.388882393442197
972 342 1 0.388882393442197
972 361 1 0.388882393442197
972 379 1 0.388882393442197
972 398 1 0.388882393442197
972 416 1 0.388882393442197
972 435 1 0.388882393442197
972 453 1 0.388882393442197
972 472 1 0.388882393442197
972 490 1 0.388882393442197
972 509 1 0.388882393442197
972 527 1 0.388882393442197
972 546 1 0.388882393442197
972 564 1 0.388882393442197
972 583 1 0.388882393442197
972 601 1 0.388882393442197
972 620 1 0.388882393442197
972 638 1 0.388882393442197
972 657 1 0.388882393442197
972 675 1 0.388882393442197
972 694 1 0.388882393442197
972 712 1 0.388882393442197
972 731 1 0.388882393442197
972 750 1 0.388882393442197
972 768 1 0.388882393442197
972 787 1 0.388882393442197
972 805 1 0.388882393442197
972 824 1 0.388882393442197
972 842 1 0.388882393442197
972 861 1 0.388882393442197
972 879 1 0.388882393442197
972 898 1 0.388882393442197
972 916 1 0.388882393442197
972 935 1 0.388882393442197
972 953 1 0.388882393442197
972 972 1 0.388882393442197
972 990 1 0.388882393442197
990 9 1 0.388882393442197
990 27 1 0.388882393442197
990 46 1 0.388882393442197
990 64 1 0.388882393442197
990 83 1 0.388882393442197
990 101 1 0.388882393442197
990 120 1 0.388882393442197
990 138 1 0.388882393442197
990 157 1 0.388882393442197
990 175 1 0.388882393442197
990 194 1 0.388882393442197
990 212 1 0.388882393442197
990 231 1 0.388882393442197
990 250 1 0.388882393442197
990 268 1 0.388882393442197
990 287 1 0.388882393442197
990 305 1 0.388882393442197
990 324 1 0.388882393442197
990 342 1 0.388882393442197
990 361 1 0.388882393442197
990 379 1 0.388882393442197
990 398 1 0.388882393442197
990 416 1 0.388882393442197
990 435 1 0.388882393442197
990 453 1 0.388882393442197
990 472 1 0.388882393442197
990 490 1 0.388882393442197
990 509 1 0.388882393442197
990 527 1 0.388882393442197
990 546 1 0.388882393442197
990 564 1 0.388882393442197
990 583 1 0.388882393442197
990 601 1 0.388882393442197
990 620 1 0.388882393442197
990 638 1 0.388882393442197
990 657 1 0.388882393442197
990 675 1 0.388882393442197
990 694 1 0.388882393442197
990 712 1 0.388882393442197
990 731 1 0.388882393442197
990 750 1 0.388882393442197
990 768 1 0.388882393442197
990 787 1 0.388882393442197
990 805 1 0.388882393442197
990 824 1 0.388882393442197
990 842 1 0.388882393442197
990 861 1 0.388882393442197
990 879 1 0.388882393442197
990 898 1 0.388882393442197
990 916 1 0.388882393442197
990 935 1 0.388882393442197
990 953 1 0.388882393442197
990 972 1 0.388882393442197
990 990 1 0.388882393442197
414 330 1 0.388882393442197
377 668 1 0.388882393442197
463 712 1 0.388882393442197
981 731 1 0.388882393442197
694 396 1 0.388882393442197
440 802 1 0.388882393442197
201 997 1 0.388882393442197
599 924 1 0.388882393442197
500 370 1 0.388882393442197
52 137 1 0.388882393442197
729 529 1 0.388882393442197
137 709 1 0.388882393442197
160 443 1 0.388882393442197
43 610 1 0.388882393442197
298 614 1 0.388882393442197
805 743 1 0.388882393442197
373 344 1 0.388882393442197
119 525 1 0.388882393442197
425 461 1 0.388882393442197
793 437 1 0.388882393442197
319 170 1 0.388882393442197
495 955 1 0.388882393442197
192 138 1 0.388882393442197
29 549 1 0.388882393442197
676 618 1 0.388882393442197
758 58 1 0.388882393442197
441 837 1 0.388882393442197
401 74 1 0.388882393442197
891 175 1 0.388882393442197
384 8 1 0.388882393442197
684 250 1 0.388882393442197
780 546 1 0.388882393442197
187 354 1 0.388882393442197
339 376 1 0.388882393442197
722 919 1 0.388882393442197
220 860 1 0.388882393442197
23 180 1 0.388882393442197
832 206 1 0.388882393442197
648 595 1 0.388882393442197
980 232 1 0.388882393442197
766 303 1 0.388882393442197
938 885 1 0.388882393442197
929 294 1 0.388882393442197
0 471 1 0.388882393442197
114 217 1 0.388882393442197
535 95 1 0.388882393442197
754 472 1 0.388882393442197
24 949 1 0.388882393442197
705 594 1 0.388882393442197
641 532 1 0.388882393442197
388 552 1 0.388882393442197
14 269 1 0.388882393442197
176 915 1 0.388882393442197
950 994 1 0.388882393442197
245 438 1 0.388882393442197
991 136 1 0.388882393442197
589 893 1 0.388882393442197
537 892 1 0.388882393442197
707 456 1 0.388882393442197
629 700 1 0.388882393442197
491 411 1 0.388882393442197
594 49 1 0.388882393442197
974 78 1 0.388882393442197
378 564 1 0.388882393442197
6 80 1 0.388882393442197
357 429 1 0.388882393442197
100 654 1 0.388882393442197
400 309 1 0.388882393442197
250 500 1 0.388882393442197
400 149 1 0.388882393442197
469 875 1 0.388882393442197
685 965 1 0.388882393442197
383 427 1 0.388882393442197
500 786 1 0.388882393442197
230 553 1 0.388882393442197
328 686 1 0.388882393442197
782 751 1 0.388882393442197
948 338 1 0.388882393442197
249 369 1 0.388882393442197
612 673 1 0.388882393442197
782 14 1 0.388882393442197
7 169 1 0.388882393442197
230 107 1 0.388882393442197
492 80 1 0.388882393442197