17 991 1 0.388882393442197
25 51 1 0.388882393442197
114 882 1 0.388882393442197
30 676 1 0.388882393442197
697 342 1 0.388882393442197
363 899 1 0.388882393442197
88 13 1 0.388882393442197
493 15 1 0.388882393442197
813 93 1 0.388882393442197
561 612 1 0.388882393442197
308 17 1 0.388882393442197
707 837 1 0.388882393442197
579 921 1 0.388882393442197
95 306 1 0.388882393442197
538 287 1 0.388882393442197
939 586 1 0.388882393442197
194 384 1 0.388882393442197
746 717 1 0.388882393442197
325 777 1 0.388882393442197
896 200 1 0.388882393442197
101 669 1 0.388882393442197
602 475 1 0.388882393442197
332 443 1 0.388882393442197
623 248 1 0.388882393442197
734 800 1 0.388882393442197
292 728 1 0.388882393442197
827 256 1 0.388882393442197
733 875 1 0.388882393442197
705 107 1 0.388882393442197
916 651 1 0.388882393442197
436 952 1 0.388882393442197
153 417 1 0.388882393442197
93 102 1 0.388882393442197
365 774 1 0.388882393442197
476 360 1 0.388882393442197
276 493 1 0.388882393442197
176 422 1 0.388882393442197
1 157 1 0.388882393442197
28 418 1 0.388882393442197
860 140 1 0.388882393442197
905 617 1 0.388882393442197
755 355 1 0.388882393442197
631 797 1 0.388882393442197
666 546 1 0.388882393442197
510 265 1 0.388882393442197
187 963 1 0.388882393442197
845 60 1 0.388882393442197
107 80 1 0.388882393442197
763 236 1 0.388882393442197
483 198 1 0.388882393442197
718 367 1 0.388882393442197
702 187 1 0.388882393442197
649 915 1 0.388882393442197
906 618 1 0.388882393442197
666 853 1 0.388882393442197
143 517 1 0.388882393442197
878 509 1 0.388882393442197
757 841 1 0.388882393442197
949 88 1 0.388882393442197
572 682 1 0.388882393442197
929 265 1 0.388882393442197
924 210 1 0.388882393442197
792 767 1 0.388882393442197
841 845 1 0.388882393442197
812 816 1 0.388882393442197
717 515 1 0.388882393442197
719 864 1 0.388882393442197
735 463 1 0.388882393442197
369 441 1 0.388882393442197
694 981 1 0.388882393442197
542 358 1 0.388882393442197
760 35 1 0.388882393442197
717 807 1 0.388882393442197
108 661 1 0.388882393442197
490 591 1 0.388882393442197
174 498 1 0.388882393442197
793 547 1 0.388882393442197
484 941 1 0.388882393442197
832 555 1 0.388882393442197
331 122 1 0.388882393442197
683 701 1 0.388882393442197
202 259 1 0.388882393442197
156 73 1 0.388882393442197
602 96 1 0.388882393442197
354 726 1 0.388882393442197
506 447 1 0.388882393442197
266 387 1 0.388882393442197
874 24 1 0.388882393442197
632 736 1 0.388882393442197
151 938 1 0.388882393442197
381 390 1 0.388882393442197
690 332 1 0.388882393442197
417 764 1 0.388882393442197
48 358 1 0.388882393442197
128 641 1 0.388882393442197
298 550 1 0.388882393442197
846 648 1 0.388882393442197
403 737 1 0.388882393442197
499 503 1 0.388882393442197
341 278 1 0.388882393442197
655 870 1 0.388882393442197
35 889 1 0.388882393442197
143 310 1 0.388882393442197
476 674 1 0.388882393442197
989 597 1 0.388882393442197
690 160 1 0.388882393442197
223 573 1 0.388882393442197
963 639 1 0.388882393442197
910 913 1 0.388882393442197
52 711 1 0.388882393442197
903 780 1 0.388882393442197
903 164 1 0.388882393442197
862 161 1 0.388882393442197
279 683 1 0.388882393442197
24 264 1 0.388882393442197
830 591 1 0.388882393442197
218 751 1 0.388882393442197
811 108 1 0.388882393442197
760 30 1 0.388882393442197
403 734 1 0.388882393442197
504 621 1 0.388882393442197
56 435 1 0.388882393442197
488 224 1 0.388882393442197
650 35 1 0.388882393442197
915 338 1 0.388882393442197
479 418 1 0.388882393442197
176 625 1 0.388882393442197
374 853 1 0.388882393442197
460 164 1 0.388882393442197
424 641 1 0.388882393442197
425 549 1 0.388882393442197
801 789 1 0.388882393442197
237 694 1 0.388882393442197
917 757 1 0.388882393442197
883 953 1 0.388882393442197
516 106 1 0.388882393442197
716 80 1 0.388882393442197
411 974 1 0.388882393442197
418 103 1 0.388882393442197
705 356 1 0.388882393442197
508 825 1 0.388882393442197
531 753 1 0.388882393442197
540 523 1 0.388882393442197
760 501 1 0.388882393442197
465 441 1 0.388882393442197
74 200 1 0.388882393442197
814 409 1 0.388882393442197
662 321 1 0.388882393442197
174 97 1 0.388882393442197
508 371 1 0.388882393442197
958 593 1 0.388882393442197
221 176 1 0.388882393442197
892 337 1 0.388882393442197
195 192 1 0.388882393442197
563 421 1 0.388882393442197
200 640 1 0.388882393442197
684 852 1 0.388882393442197
727 604 1 0.388882393442197
730 511 1 0.388882393442197
934 900 1 0.388882393442197
77 501 1 0.388882393442197
133 382 1 0.388882393442197
67 681 1 0.388882393442197
124 739 1 0.388882393442197
748 438 1 0.388882393442197
418 57 1 0.388882393442197
423 421 1 0.388882393442197
793 929 1 0.388882393442197
608 974 1 0.388882393442197
369 461 1 0.388882393442197
966 38 1 0.388882393442197
557 720 1 0.388882393442197
463 47 1 0.388882393442197
897 89 1 0.388882393442197
539 527 1 0.388882393442197
952 70 1 0.388882393442197
227 843 1 0.388882393442197
494 537 1 0.388882393442197
787 180 1 0.388882393442197
125 793 1 0.388882393442197
283 607 1 0.388882393442197
131 651 1 0.388882393442197
600 645 1 0.388882393442197
195 393 1 0.388882393442197
367 920 1 0.388882393442197
305 404 1 0.388882393442197
109 746 1 0.388882393442197
880 374 1 0.388882393442197
730 152 1 0.388882393442197
343 644 1 0.388882393442197
527 952 1 0.388882393442197
971 870 1 0.388882393442197
708 189 1 0.388882393442197
730 161 1 0.388882393442197
363 247 1 0.388882393442197
5 227 1 0.388882393442197
606 236 1 0.388882393442197
867 257 1 0.388882393442197
534 233 1 0.388882393442197
4 930 1 0.388882393442197
635 844 1 0.388882393442197
187 238 1 0.388882393442197
992 674 1 0.388882393442197
124 988 1 0.388882393442197
53 647 1 0.388882393442197
211 987 1 0.388882393442197
34 440 1 0.388882393442197
683 847 1 0.388882393442197
500 478 1 0.388882393442197
624 368 1 0.388882393442197
961 834 1 0.388882393442197
758 934 1 0.388882393442197
419 41 1 0.388882393442197
175 929 1 0.388882393442197
684 632 1 0.388882393442197
376 220 1 0.388882393442197
836 962 1 0.388882393442197
499 660 1 0.388882393442197
394 48 1 0.388882393442197
770 867 1 0.388882393442197
476 586 1 0.388882393442197
83 417 1 0.388882393442197
779 287 1 0.388882393442197
54 457 1 0.388882393442197
390 941 1 0.388882393442197
161 894 1 0.388882393442197
0 777 1 0.388882393442197
78 10 1 0.388882393442197
176 482 1 0.388882393442197
360 388 1 0.388882393442197
753 58 1 0.388882393442197
589 66 1 0.388882393442197
979 775 1 0.388882393442197
125 723 1 0.388882393442197
946 999 1 0.388882393442197
811 526 1 0.388882393442197
787 206 1 0.388882393442197
169 438 1 0.388882393442197
118 1 1 0.388882393442197
681 75 1 0.388882393442197
817 977 1 0.388882393442197
704 768 1 0.388882393442197
733 588 1 0.388882393442197
89 526 1 0.388882393442197
265 29 1 0.388882393442197
273 272 1 0.388882393442197
97 920 1 0.388882393442197
246 640 1 0.388882393442197
827 395 1 0.388882393442197
598 803 1 0.388882393442197
428 234 1 0.388882393442197
230 141 1 0.388882393442197
318 386 1 0.388882393442197
104 610 1 0.388882393442197
65 379 1 0.388882393442197
908 164 1 0.388882393442197
944 787 1 0.388882393442197
938 570 1 0.388882393442197
860 844 1 0.388882393442197
717 843 1 0.388882393442197
133 664 1 0.388882393442197
526 178 1 0.388882393442197
615 79 1 0.388882393442197
441 891 1 0.388882393442197
652 108 1 0.388882393442197
861 41 1 0.388882393442197
222 553 1 0.388882393442197
225 685 1 0.388882393442197
191 370 1 0.388882393442197
452 257 1 0.388882393442197
215 684 1 0.388882393442197
693 881 1 0.388882393442197
356 915 1 0.388882393442197
983 522 1 0.388882393442197
957 704 1 0.388882393442197
328 712 1 0.388882393442197
952 355 1 0.388882393442197
134 729 1 0.388882393442197
827 648 1 0.388882393442197
195 694 1 0.388882393442197
617 815 1 0.388882393442197
42 775 1 0.388882393442197
167 444 1 0.388882393442197
577 691 1 0.388882393442197
62 316 1 0.388882393442197
549 69 1 0.388882393442197
891 472 1 0.388882393442197
31 914 1 0.388882393442197
2 812 1 0.388882393442197
374 920 1 0.388882393442197
727 760 1 0.388882393442197
334 422 1 0.388882393442197
16 763 1 0.388882393442197
588 153 1 0.388882393442197
685 941 1 0.388882393442197
900 234 1 0.388882393442197
693 68 1 0.388882393442197
542 619 1 0.388882393442197
205 975 1 0.388882393442197
552 146 1 0.388882393442197
656 939 1 0.388882393442197
34 74 1 0.388882393442197
702 46 1 0.388882393442197
802 49 1 0.388882393442197
817 902 1 0.388882393442197
304 339 1 0.388882393442197
554 313 1 0.388882393442197
678 850 1 0.388882393442197
496 132 1 0.388882393442197
524 333 1 0.388882393442197
894 395 1 0.388882393442197
642 903 1 0.388882393442197
863 450 1 0.388882393442197
441 44 1 0.388882393442197
200 431 1 0.388882393442197
575 566 1 0.388882393442197
554 835 1 0.388882393442197
10 909 1 0.388882393442197
908 974 1 0.388882393442197
776 869 1 0.388882393442197
223 584 1 0.388882393442197
239 322 1 0.388882393442197
222 729 1 0.388882393442197
390 979 1 0.388882393442197
544 987 1 0.388882393442197
941 86 1 0.388882393442197
563 367 1 0.388882393442197
592 476 1 0.388882393442197
382 767 1 0.388882393442197
869 986 1 0.388882393442197
265 703 1 0.388882393442197
143 231 1 0.388882393442197
287 594 1 0.388882393442197
475 266 1 0.388882393442197
808 161 1 0.388882393442197
760 878 1 0.388882393442197
932 254 1 0.388882393442197
233 540 1 0.388882393442197
482 605 1 0.388882393442197
399 217 1 0.388882393442197
326 469 1 0.388882393442197
805 465 1 0.388882393442197
58 659 1 0.388882393442197
823 878 1 0.388882393442197
304 343 1 0.388882393442197
680 805 1 0.388882393442197
221 805 1 0.388882393442197
579 66 1 0.388882393442197
751 329 1 0.388882393442197
81 353 1 0.388882393442197
39 953 1 0.388882393442197
697 381 1 0.388882393442197
949 920 1 0.388882393442197
293 478 1 0.388882393442197
649 689 1 0.388882393442197
425 492 1 0.388882393442197
221 236 1 0.388882393442197
301 547 1 0.388882393442197
294 322 1 0.388882393442197
948 817 1 0.388882393442197
648 351 1 0.388882393442197
841 615 1 0.388882393442197
545 0 1 0.388882393442197
2 509 1 0.388882393442197
411 924 1 0.388882393442197
704 563 1 0.388882393442197
406 820 1 0.388882393442197
882 467 1 0.388882393442197
478 202 1 0.388882393442197
340 59 1 0.388882393442197
723 574 1 0.388882393442197
272 126 1 0.388882393442197
28 388 1 0.388882393442197
0 624 1 0.388882393442197
645 784 1 0.388882393442197
432 680 1 0.388882393442197
842 175 1 0.388882393442197
582 99 1 0.388882393442197
317 100 1 0.388882393442197
574 862 1 0.388882393442197
559 812 1 0.388882393442197
454 468 1 0.388882393442197
731 694 1 0.388882393442197
194 166 1 0.388882393442197
155 591 1 0.388882393442197
382 110 1 0.388882393442197
920 695 1 0.388882393442197
305 948 1 0.388882393442197
328 560 1 0.388882393442197
62 597 1 0.388882393442197
855 536 1 0.388882393442197
2 148 1 0.388882393442197
410 170 1 0.388882393442197
959 779 1 0.388882393442197
446 149 1 0.388882393442197
73 723 1 0.388882393442197
587 562 1 0.388882393442197
555 197 1 0.388882393442197
682 483 1 0.388882393442197
233 744 1 0.388882393442197
228 938 1 0.388882393442197
101 881 1 0.388882393442197
691 304 1 0.388882393442197
192 758 1 0.388882393442197
434 454 1 0.388882393442197
142 520 1 0.388882393442197
705 787 1 0.388882393442197
875 678 1 0.388882393442197
854 738 1 0.388882393442197
7 688 1 0.388882393442197
986 717 1 0.388882393442197
121 530 1 0.388882393442197
96 96 1 0.388882393442197
412 9 1 0.388882393442197
236 220 1 0.388882393442197
194 849 1 0.388882393442197
790 984 1 0.388882393442197
346 375 1 0.388882393442197
448 189 1 0.388882393442197
666 412 1 0.388882393442197
371 498 1 0.388882393442197
88 908 1 0.388882393442197
491 609 1 0.388882393442197
12 458 1 0.388882393442197
752 281 1 0.388882393442197
195 247 1 0.388882393442197
919 918 1 0.388882393442197
19 528 1 0.388882393442197
122 135 1 0.388882393442197
481 356 1 0.388882393442197
885 625 1 0.388882393442197
844 279 1 0.388882393442197
117 722 1 0.388882393442197
76 373 1 0.388882393442197
717 563 1 0.388882393442197
972 604 1 0.388882393442197
145 832 1 0.388882393442197
392 993 1 0.388882393442197
887 370 1 0.388882393442197
567 837 1 0.388882393442197
333 635 1 0.388882393442197
710 503 1 0.388882393442197
178 165 1 0.388882393442197
596 172 1 0.388882393442197
507 856 1 0.388882393442197
901 419 1 0.388882393442197
739 797 1 0.388882393442197
226 385 1 0.388882393442197
747 467 1 0.388882393442197
752 203 1 0.388882393442197
361 610 1 0.388882393442197
453 16 1 0.388882393442197
745 922 1 0.388882393442197
921 877 1 0.388882393442197
114 834 1 0.388882393442197
10 593 1 0.388882393442197
394 216 1 0.388882393442197
522 64 1 0.388882393442197
570 48 1 0.388882393442197
13 269 1 0.388882393442197
309 22 1 0.388882393442197
797 227 1 0.388882393442197
461 3 1 0.388882393442197
1 66 1 0.388882393442197
923 732 1 0.388882393442197
497 815 1 0.388882393442197
535 493 1 0.388882393442197
292 432 1 0.388882393442197
677 828 1 0.388882393442197
383 560 1 0.388882393442197
237 769 1 0.388882393442197
526 627 1 0.388882393442197
272 732 1 0.388882393442197
740 330 1 0.388882393442197
416 254 1 0.388882393442197
372 834 1 0.388882393442197
540 93 1 0.388882393442197
373 481 1 0.388882393442197
642 322 1 0.388882393442197
204 270 1 0.388882393442197
160 227 1 0.388882393442197
907 760 1 0.388882393442197
534 30 1 0.388882393442197
948 495 1 0.388882393442197
333 348 1 0.388882393442197
168 690 1 0.388882393442197
23 454 1 0.388882393442197
401 640 1 0.388882393442197
49 477 1 0.388882393442197
840 754 1 0.388882393442197
744 172 1 0.388882393442197
7 22 1 0.388882393442197
371 904 1 0.388882393442197
716 2 1 0.388882393442197
370 469 1 0.388882393442197
752 647 1 0.388882393442197
764 596 1 0.388882393442197
286 940 1 0.388882393442197
776 451 1 0.388882393442197
387 879 1 0.388882393442197
400 946 1 0.388882393442197
738 63 1 0.388882393442197
807 749 1 0.388882393442197
734 278 1 0.388882393442197
954 996 1 0.388882393442197
162 723 1 0.388882393442197
549 191 1 0.388882393442197
204 725 1 0.388882393442197
290 806 1 0.388882393442197
83 184 1 0.388882393442197
601 19 1 0.388882393442197
632 404 1 0.388882393442197
652 697 1 0.388882393442197
428 400 1 0.388882393442197
166 268 1 0.388882393442197
403 17 1 0.388882393442197
73 806 1 0.388882393442197
789 260 1 0.388882393442197
497 655 1 0.388882393442197
272 951 1 0.388882393442197
965 318 1 0.388882393442197
857 39 1 0.388882393442197
367 39 1 0.388882393442197
174 834 1 0.388882393442197
823 845 1 0.388882393442197
182 463 1 0.388882393442197
768 96 1 0.388882393442197
601 22 1 0.388882393442197
375 107 1 0.388882393442197
607 464 1 0.388882393442197
56 11 1 0.388882393442197
777 52 1 0.388882393442197
874 395 1 0.388882393442197
62 909 1 0.388882393442197
883 508 1 0.388882393442197
864 947 1 0.388882393442197
320 410 1 0.388882393442197
836 425 1 0.388882393442197
558 77 1 0.388882393442197
698 155 1 0.388882393442197
188 68 1 0.388882393442197
252 812 1 0.388882393442197
155 897 1 0.388882393442197
390 814 1 0.388882393442197
600 388 1 0.388882393442197
750 871 1 0.388882393442197
55 716 1 0.388882393442197
153 729 1 0.388882393442197
179 348 1 0.388882393442197
793 508 1 0.388882393442197
288 944 1 0.388882393442197
152 752 1 0.388882393442197
412 426 1 0.388882393442197
220 292 1 0.388882393442197
780 672 1 0.388882393442197
262 113 1 0.388882393442197
569 495 1 0.388882393442197
439 134 1 0.388882393442197
836 699 1 0.388882393442197
868 912 1 0.388882393442197
965 815 1 0.388882393442197
114 730 1 0.388882393442197
685 978 1 0.388882393442197
858 129 1 0.388882393442197
216 717 1 0.388882393442197
857 45 1 0.388882393442197
227 803 1 0.388882393442197
457 631 1 0.388882393442197
248 516 1 0.388882393442197
321 400 1 0.388882393442197
678 718 1 0.388882393442197
334 706 1 0.388882393442197
979 193 1 0.388882393442197
131 834 1 0.388882393442197
398 685 1 0.388882393442197
386 217 1 0.388882393442197
850 586 1 0.388882393442197
435 588 1 0.388882393442197
425 123 1 0.388882393442197
201 822 1 0.388882393442197
678 440 1 0.388882393442197
371 38 1 0.388882393442197
282 449 1 0.388882393442197
194 141 1 0.388882393442197
901 848 1 0.388882393442197
317 613 1 0.388882393442197
572 466 1 0.388882393442197
799 580 1 0.388882393442197
565 464 1 0.388882393442197
492 721 1 0.388882393442197
443 330 1 0.388882393442197
464 628 1 0.388882393442197
403 597 1 0.388882393442197
571 167 1 0.388882393442197
854 71 1 0.388882393442197
530 598 1 0.388882393442197
491 951 1 0.388882393442197
872 254 1 0.388882393442197
661 958 1 0.388882393442197
775 398 1 0.388882393442197
31 365 1 0.388882393442197
416 716 1 0.388882393442197
214 98 1 0.388882393442197
197 5 1 0.388882393442197
853 973 1 0.388882393442197
165 405 1 0.388882393442197
115 694 1 0.388882393442197
200 953 1 0.388882393442197
779 835 1 0.388882393442197
380 137 1 0.388882393442197
420 981 1 0.388882393442197
539 172 1 0.388882393442197
179 278 1 0.388882393442197
567 764 1 0.388882393442197
501 252 1 0.388882393442197
632 961 1 0.388882393442197
500 396 1 0.388882393442197
81 325 1 0.388882393442197
996 103 1 0.388882393442197
109 741 1 0.388882393442197
21 68 1 0.388882393442197
924 573 1 0.388882393442197
96 802 1 0.388882393442197
427 732 1 0.388882393442197
680 535 1 0.388882393442197
74 742 1 0.388882393442197
926 316 1 0.388882393442197
117 169 1 0.388882393442197
79 873 1 0.388882393442197
163 214 1 0.388882393442197
0 760 1 0.388882393442197
788 203 1 0.388882393442197
424 694 1 0.388882393442197
28 707 1 0.388882393442197
134 798 1 0.388882393442197
584 995 1 0.388882393442197
972 852 1 0.388882393442197
860 991 1 0.388882393442197
367 544 1 0.388882393442197
376 387 1 0.388882393442197
150 34 1 0.388882393442197
198 336 1 0.388882393442197
212 867 1 0.388882393442197
174 101 1 0.388882393442197
139 83 1 0.388882393442197
194 750 1 0.388882393442197
787 161 1 0.388882393442197
521 121 1 0.388882393442197
78 789 1 0.388882393442197
144 110 1 0.388882393442197
681 395 1 0.388882393442197
853 434 1 0.388882393442197
225 225 1 0.388882393442197
220 637 1 0.388882393442197
897 762 1 0.388882393442197
300 253 1 0.388882393442197
892 45 1 0.388882393442197
800 273 1 0.388882393442197
831 79 1 0.388882393442197
870 384 1 0.388882393442197
978 19 1 0.388882393442197
874 167 1 0.388882393442197
507 554 1 0.388882393442197
244 876 1 0.388882393442197
949 809 1 0.388882393442197
988 127 1 0.388882393442197
278 849 1 0.388882393442197
172 861 1 0.388882393442197
57 83 1 0.388882393442197
599 398 1 0.388882393442197
683 493 1 0.388882393442197
930 322 1 0.388882393442197
687 303 1 0.388882393442197
110 980 1 0.388882393442197
700 63 1 0.388882393442197
819 90 1 0.388882393442197
755 965 1 0.388882393442197
348 741 1 0.388882393442197
564 549 1 0.388882393442197
226 382 1 0.388882393442197
729 11 1 0.388882393442197
321 137 1 0.388882393442197
508 913 1 0.388882393442197
383 512 1 0.388882393442197
256 985 1 0.388882393442197
350 563 1 0.388882393442197
679 37 1 0.388882393442197
838 107 1 0.388882393442197
57 148 1 0.388882393442197
490 619 1 0.388882393442197
961 222 1 0.388882393442197
285 77 1 0.388882393442197
763 95 1 0.388882393442197
361 186 1 0.388882393442197
344 531 1 0.388882393442197
515 522 1 0.388882393442197
710 131 1 0.388882393442197
743 970 1 0.388882393442197
494 367 1 0.388882393442197
923 3 1 0.388882393442197
787 236 1 0.388882393442197
467 457 1 0.388882393442197
284 593 1 0.388882393442197
524 605 1 0.388882393442197
199 862 1 0.388882393442197
501 630 1 0.388882393442197
277 417 1 0.388882393442197
901 673 1 0.388882393442197
469 811 1 0.388882393442197
297 425 1 0.388882393442197
31 519 1 0.388882393442197
934 240 1 0.388882393442197
616 977 1 0.388882393442197
232 683 1 0.388882393442197
131 240 1 0.388882393442197
741 364 1 0.388882393442197
412 418 1 0.388882393442197
251 46 1 0.388882393442197
787 143 1 0.388882393442197
505 845 1 0.388882393442197
142 950 1 0.388882393442197
215 289 1 0.388882393442197
177 119 1 0.388882393442197
728 988 1 0.388882393442197
725 821 1 0.388882393442197
955 12 1 0.388882393442197
497 11 1 0.388882393442197
642 705 1 0.388882393442197
656 232 1 0.388882393442197
151 403 1 0.388882393442197
895 130 1 0.388882393442197
390 411 1 0.388882393442197
534 166 1 0.388882393442197
166 419 1 0.388882393442197
645 945 1 0.388882393442197
681 870 1 0.388882393442197
957 222 1 0.388882393442197
405 844 1 0.388882393442197
458 495 1 0.388882393442197
910 60 1 0.388882393442197
260 921 1 0.388882393442197
742 89 1 0.388882393442197
482 802 1 0.388882393442197
142 638 1 0.388882393442197
375 395 1 0.388882393442197
221 184 1 0.388882393442197
73 883 1 0.388882393442197
493 866 1 0.388882393442197
315 856 1 0.388882393442197
937 118 1 0.388882393442197
975 555 1 0.388882393442197
267 975 1 0.388882393442197
670 294 1 0.388882393442197
893 241 1 0.388882393442197
85 756 1 0.388882393442197
213 935 1 0.388882393442197
445 354 1 0.388882393442197
922 796 1 0.388882393442197
502 82 1 0.388882393442197
688 614 1 0.388882393442197
879 932 1 0.388882393442197
925 82 1 0.388882393442197
619 405 1 0.388882393442197
134 547 1 0.388882393442197
257 956 1 0.388882393442197
928 902 1 0.388882393442197
717 294 1 0.388882393442197
784 177 1 0.388882393442197
697 323 1 0.388882393442197
827 245 1 0.388882393442197
874 156 1 0.388882393442197
708 970 1 0.388882393442197
767 675 1 0.388882393442197
851 439 1 0.388882393442197
285 169 1 0.388882393442197
953 653 1 0.388882393442197
591 209 1 0.388882393442197
935 469 1 0.388882393442197
467 746 1 0.388882393442197
121 353 1 0.388882393442197
766 966 1 0.388882393442197
924 116 1 0.388882393442197
178 273 1 0.388882393442197
536 162 1 0.388882393442197
738 941 1 0.388882393442197
847 204 1 0.388882393442197
763 646 1 0.388882393442197
452 956 1 0.388882393442197
925 278 1 0.388882393442197
670 127 1 0.388882393442197
678 406 1 0.388882393442197
365 654 1 0.388882393442197
852 995 1 0.388882393442197
77 320 1 0.388882393442197
119 407 1 0.388882393442197
446 455 1 0.388882393442197
916 251 1 0.388882393442197
434 906 1 0.388882393442197
71 347 1 0.388882393442197
782 966 1 0.388882393442197
39 153 1 0.388882393442197
831 891 1 0.388882393442197
186 564 1 0.388882393442197
998 959 1 0.388882393442197
987 365 1 0.388882393442197
268 831 1 0.388882393442197
604 264 1 0.388882393442197
594 590 1 0.388882393442197
567 465 1 0.388882393442197
864 879 1 0.388882393442197
268 102 1 0.388882393442197
600 924 1 0.388882393442197
721 223 1 0.388882393442197
917 824 1 0.388882393442197
781 163 1 0.388882393442197
11 547 1 0.388882393442197
291 653 1 0.388882393442197
431 88 1 0.388882393442197
473 698 1 0.388882393442197
660 642 1 0.388882393442197
108 199 1 0.388882393442197
742 776 1 0.388882393442197
987 678 1 0.388882393442197
449 846 1 0.388882393442197
132 145 1 0.388882393442197
240 930 1 0.388882393442197
596 519 1 0.388882393442197
555 394 1 0.388882393442197
551 396 1 0.388882393442197
570 59 1 0.388882393442197
558 677 1 0.388882393442197
570 917 1 0.388882393442197
555 404 1 0.388882393442197
951 630 1 0.388882393442197
550 755 1 0.388882393442197
405 825 1 0.388882393442197
916 378 1 0.388882393442197
448 809 1 0.388882393442197
922 71 1 0.388882393442197
650 64 1 0.388882393442197
434 31 1 0.388882393442197
125 488 1 0.388882393442197
604 55 1 0.388882393442197
156 546 1 0.388882393442197
488 746 1 0.388882393442197
766 360 1 0.388882393442197
504 241 1 0.388882393442197
971 518 1 0.388882393442197
674 945 1 0.388882393442197
734 196 1 0.388882393442197
703 479 1 0.388882393442197
870 32 1 0.388882393442197
568 568 1 0.388882393442197
250 838 1 0.388882393442197
95 812 1 0.388882393442197
288 119 1 0.388882393442197
843 69 1 0.388882393442197
734 973 1 0.388882393442197
451 67 1 0.388882393442197
929 716 1 0.388882393442197
796 754 1 0.388882393442197
738 882 1 0.388882393442197
26 13 1 0.388882393442197
434 223 1 0.388882393442197
61 222 1 0.388882393442197
170 340 1 0.388882393442197
727 809 1 0.388882393442197
786 593 1 0.388882393442197
815 8 1 0.388882393442197
186 464 1 0.388882393442197
37 781 1 0.388882393442197
563 313 1 0.388882393442197
248 416 1 0.388882393442197
840 802 1 0.388882393442197
957 927 1 0.388882393442197
318 986 1 0.388882393442197
790 130 1 0.388882393442197
84 516 1 0.388882393442197
804 687 1 0.388882393442197
647 864 1 0.388882393442197
382 983 1 0.388882393442197
834 578 1 0.388882393442197
123 881 1 0.388882393442197
652 757 1 0.388882393442197
975 330 1 0.388882393442197
884 134 1 0.388882393442197
5 62 1 0.388882393442197
638 516 1 0.388882393442197
261 841 1 0.388882393442197
702 708 1 0.388882393442197
994 451 1 0.388882393442197
872 828 1 0.388882393442197
482 513 1 0.388882393442197
179 217 1 0.388882393442197
105 464 1 0.388882393442197
790 405 1 0.388882393442197
835 850 1 0.388882393442197
788 225 1 0.388882393442197
426 179 1 0.388882393442197
230 707 1 0.388882393442197
51 562 1 0.388882393442197
907 274 1 0.388882393442197
280 875 1 0.388882393442197
546 372 1 0.388882393442197
47 545 1 0.388882393442197
785 46 1 0.388882393442197
529 130 1 0.388882393442197
727 191 1 0.388882393442197
43 837 1 0.388882393442197
327 307 1 0.388882393442197
575 100 1 0.388882393442197
593 860 1 0.388882393442197
794 379 1 0.388882393442197
804 752 1 0.388882393442197
411 331 1 0.388882393442197
986 445 1 0.388882393442197
486 218 1 0.388882393442197
523 524 1 0.388882393442197
707 481 1 0.388882393442197
546 170 1 0.388882393442197
588 939 1 0.388882393442197
288 356 1 0.388882393442197
833 608 1 0.388882393442197
155 758 1 0.388882393442197
313 283 1 0.388882393442197
468 751 1 0.388882393442197
955 729 1 0.388882393442197
50 774 1 0.388882393442197
215 231 1 0.388882393442197
851 369 1 0.388882393442197
129 95 1 0.388882393442197
276 612 1 0.388882393442197
208 197 1 0.388882393442197
336 612 1 0.388882393442197
543 807 1 0.388882393442197
188 269 1 0.388882393442197
964 57 1 0.388882393442197
510 900 1 0.388882393442197
615 743 1 0.388882393442197
882 679 1 0.388882393442197
955 742 1 0.388882393442197
889 523 1 0.388882393442197
281 939 1 0.388882393442197
593 340 1 0.388882393442197
827 145 1 0.388882393442197
682 627 1 0.388882393442197
511 675 1 0.388882393442197
679 22 1 0.388882393442197
36 574 1 0.388882393442197
137 514 1 0.388882393442197
971 470 1 0.388882393442197
579 100 1 0.388882393442197
802 622 1 0.388882393442197
581 14 1 0.388882393442197
252 604 1 0.388882393442197
42 129 1 0.388882393442197
112 419 1 0.388882393442197
258 668 1 0.388882393442197
690 748 1 0.388882393442197
893 102 1 0.388882393442197
485 409 1 0.388882393442197
653 140 1 0.388882393442197
354 758 1 0.388882393442197
526 668 1 0.388882393442197
854 907 1 0.388882393442197
382 131 1 0.388882393442197
573 883 1 0.388882393442197
605 598 1 0.388882393442197
207 259 1 0.388882393442197
260 682 1 0.388882393442197
610 73 1 0.388882393442197
895 997 1 0.388882393442197
190 324 1 0.388882393442197
406 642 1 0.388882393442197
833 232 1 0.388882393442197
407 415 1 0.388882393442197
293 840 1 0.388882393442197
694 228 1 0.388882393442197
723 539 1 0.388882393442197
855 499 1 0.388882393442197
151 151 1 0.388882393442197
262 646 1 0.388882393442197
691 774 1 0.388882393442197
396 946 1 0.388882393442197
567 898 1 0.388882393442197
296 614 1 0.388882393442197
85 960 1 0.388882393442197
673 597 1 0.388882393442197
291 973 1 0.388882393442197
714 827 1 0.388882393442197
660 804 1 0.388882393442197
147 577 1 0.388882393442197
157 873 1 0.388882393442197
936 536 1 0.388882393442197
505 614 1 0.388882393442197
487 550 1 0.388882393442197
381 896 1 0.388882393442197
134 204 1 0.388882393442197
428 538 1 0.388882393442197
727 354 1 0.388882393442197
679 412 1 0.388882393442197
316 704 1 0.388882393442197
402 415 1 0.388882393442197
88 905 1 0.388882393442197
32 531 1 0.388882393442197
700 89 1 0.388882393442197
823 627 1 0.388882393442197
704 959 1 0.388882393442197
109 275 1 0.388882393442197
704 684 1 0.388882393442197
74 917 1 0.388882393442197
927 505 1 0.388882393442197
609 984 1 0.388882393442197
505 355 1 0.388882393442197
870 602 1 0.388882393442197
914 1 1 0.388882393442197
294 345 1 0.388882393442197
56 530 1 0.388882393442197
132 927 1 0.388882393442197
342 963 1 0.388882393442197
837 985 1 0.388882393442197
711 596 1 0.388882393442197
891 573 1 0.388882393442197
425 394 1 0.388882393442197
296 616 1 0.388882393442197
134 709 1 0.388882393442197
948 490 1 0.388882393442197
92 168 1 0.388882393442197
85 395 1 0.388882393442197
640 455 1 0.388882393442197
761 795 1 0.388882393442197
263 441 1 0.388882393442197
636 107 1 0.388882393442197
754 458 1 0.388882393442197
542 416 1 0.388882393442197
134 508 1 0.388882393442197
205 544 1 0.388882393442197
667 808 1 0.388882393442197
147 723 1 0.388882393442197
800 811 1 0.388882393442197
294 485 1 0.388882393442197
799 807 1 0.388882393442197
96 947 1 0.388882393442197
945 564 1 0.388882393442197
593 123 1 0.388882393442197
819 103 1 0.388882393442197
89 770 1 0.388882393442197
396 140 1 0.388882393442197
140 318 1 0.388882393442197
739 49 1 0.388882393442197
789 396 1 0.388882393442197
643 643 1 0.388882393442197
532 52 1 0.388882393442197
746 74 1 0.388882393442197
752 87 1 0.388882393442197
912 321 1 0.388882393442197
899 728 1 0.388882393442197
817 624 1 0.388882393442197
332 163 1 0.388882393442197
216 465 1 0.388882393442197
235 64 1 0.388882393442197
647 336 1 0.388882393442197
949 524 1 0.388882393442197
645 192 1 0.388882393442197
399 513 1 0.388882393442197
275 637 1 0.388882393442197
766 632 1 0.388882393442197
1 744 1 0.388882393442197
724 762 1 0.388882393442197
42 154 1 0.388882393442197
919 285 1 0.388882393442197
762 351 1 0.388882393442197
597 858 1 0.388882393442197
79 526 1 0.388882393442197
630 308 1 0.388882393442197
949 634 1 0.388882393442197
959 634 1 0.388882393442197
920 723 1 0.388882393442197
298 405 1 0.388882393442197
762 646 1 0.388882393442197
234 570 1 0.388882393442197
83 759 1 0.388882393442197
738 350 1 0.388882393442197
801 278 1 0.388882393442197
64 533 1 0.388882393442197
399 784 1 0.388882393442197
389 563 1 0.388882393442197
37 604 1 0.388882393442197
343 30 1 0.388882393442197
704 68 1 0.388882393442197
848 497 1 0.388882393442197
934 884 1 0.388882393442197
469 987 1 0.388882393442197
391 83 1 0.388882393442197
732 953 1 0.388882393442197
564 580 1 0.388882393442197
637 550 1 0.388882393442197
667 134 1 0.388882393442197
473 539 1 0.388882393442197
577 115 1 0.388882393442197
556 486 1 0.388882393442197
67 998 1 0.388882393442197
393 70 1 0.388882393442197
497 715 1 0.388882393442197
906 927 1 0.388882393442197
418 583 1 0.388882393442197
973 573 1 0.388882393442197
155 821 1 0.388882393442197
585 305 1 0.388882393442197
89 422 1 0.388882393442197
47 439 1 0.388882393442197
263 518 1 0.388882393442197
81 266 1 0.388882393442197
248 611 1 0.388882393442197
211 342 1 0.388882393442197
385 95 1 0.388882393442197
34 625 1 0.388882393442197
739 785 1 0.388882393442197
388 367 1 0.388882393442197
596 988 1 0.388882393442197
559 445 1 0.388882393442197
125 73 1 0.388882393442197
914 723 1 0.388882393442197
475 854 1 0.388882393442197
224 544 1 0.388882393442197
851 195 1 0.388882393442197
405 683 1 0.388882393442197
383 363 1 0.388882393442197
70 561 1 0.388882393442197
47 224 1 0.388882393442197
654 915 1 0.388882393442197
321 552 1 0.388882393442197
958 569 1 0.388882393442197
409 307 1 0.388882393442197
964 804 1 0.388882393442197
656 290 1 0.388882393442197
648 703 1 0.388882393442197
879 506 1 0.388882393442197
972 339 1 0.388882393442197
915 551 1 0.388882393442197
873 515 1 0.388882393442197
384 138 1 0.388882393442197
765 357 1 0.388882393442197
667 884 1 0.388882393442197
789 557 1 0.388882393442197
235 95 1 0.388882393442197
450 119 1 0.388882393442197
331 397 1 0.388882393442197
532 725 1 0.388882393442197
393 4 1 0.388882393442197
751 576 1 0.388882393442197
867 973 1 0.388882393442197
285 693 1 0.388882393442197
612 960 1 0.388882393442197
326 406 1 0.388882393442197
346 311 1 0.388882393442197
211 912 1 0.388882393442197
271 537 1 0.388882393442197
633 950 1 0.388882393442197
949 529 1 0.388882393442197
482 783 1 0.388882393442197
35 670 1 0.388882393442197
485 874 1 0.388882393442197
15 833 1 0.388882393442197
343 122 1 0.388882393442197
583 228 1 0.388882393442197
433 514 1 0.388882393442197
15 705 1 0.388882393442197
369 924 1 0.388882393442197
510 350 1 0.388882393442197
860 547 1 0.388882393442197
425 85 1 0.388882393442197
28 496 1 0.388882393442197
169 943 1 0.388882393442197
492 359 1 0.388882393442197
280 995 1 0.388882393442197
845 271 1 0.388882393442197
682 354 1 0.388882393442197
982 456 1 0.388882393442197
257 250 1 0.388882393442197
618 406 1 0.388882393442197
941 199 1 0.388882393442197
976 337 1 0.388882393442197
973 576 1 0.388882393442197
804 758 1 0.388882393442197
506 51 1 0.388882393442197
877 982 1 0.388882393442197
696 937 1 0.388882393442197
682 503 1 0.388882393442197
996 133 1 0.388882393442197
413 37 1 0.388882393442197
277 11 1 0.388882393442197
708 624 1 0.388882393442197
448 328 1 0.388882393442197
778 615 1 0.388882393442197
960 869 1 0.388882393442197
97 390 1 0.388882393442197
816 345 1 0.388882393442197
715 18 1 0.388882393442197
890 698 1 0.388882393442197
829 276 1 0.388882393442197
360 12 1 0.388882393442197
51 399 1 0.388882393442197
220 156 1 0.388882393442197
955 56 1 0.388882393442197
103 0 1 0.388882393442197
398 632 1 0.388882393442197
918 321 1 0.388882393442197
486 771 1 0.388882393442197
914 693 1 0.388882393442197
282 613 1 0.388882393442197
506 525 1 0.388882393442197
483 955 1 0.388882393442197
800 478 1 0.388882393442197
464 20 1 0.388882393442197
554 206 1 0.388882393442197
35 816 1 0.388882393442197
624 330 1 0.388882393442197
541 546 1 0.388882393442197
995 267 1 0.388882393442197
323 601 1 0.388882393442197
203 121 1 0.388882393442197
642 531 1 0.388882393442197
519 683 1 0.388882393442197
78 491 1 0.388882393442197
910 779 1 0.388882393442197
333 682 1 0.388882393442197
407 819 1 0.388882393442197
404 775 1 0.388882393442197
800 607 1 0.388882393442197
194 467 1 0.388882393442197
869 709 1 0.388882393442197
407 643 1 0.388882393442197
194 895 1 0.388882393442197
109 121 1 0.388882393442197
111 819 1 0.388882393442197
210 819 1 0.388882393442197
366 625 1 0.388882393442197
660 345 1 0.388882393442197
956 335 1 0.388882393442197
682 647 1 0.388882393442197
242 790 1 0.388882393442197
826 324 1 0.388882393442197
167 326 1 0.388882393442197
993 261 1 0.388882393442197
815 729 1 0.388882393442197
388 663 1 0.388882393442197
483 853 1 0.388882393442197
709 165 1 0.388882393442197
402 542 1 0.388882393442197
811 706 1 0.388882393442197
806 22 1 0.388882393442197
460 754 1 0.388882393442197
521 413 1 0.388882393442197
945 660 1 0.388882393442197
887 7 1 0.388882393442197
934 157 1 0.388882393442197
443 986 1 0.388882393442197
815 182 1 0.388882393442197
510 543 1 0.388882393442197
953 282 1 0.388882393442197
731 886 1 0.388882393442197
903 515 1 0.388882393442197
748 849 1 0.388882393442197
330 23 1 0.388882393442197
547 635 1 0.388882393442197
111 536 1 0.388882393442197
934 554 1 0.388882393442197
412 292 1 0.388882393442197
582 749 1 0.388882393442197
482 872 1 0.388882393442197
834 988 1 0.388882393442197
369 43 1 0.388882393442197
327 99 1 0.388882393442197
807 239 1 0.388882393442197
369 161 1 0.388882393442197
237 406 1 0.388882393442197
44 810 1 0.388882393442197
18 637 1 0.388882393442197
255 433 1 0.388882393442197
237 873 1 0.388882393442197
895 546 1 0.388882393442197
515 137 1 0.388882393442197
527 339 1 0.388882393442197
61 37 1 0.388882393442197
623 716 1 0.388882393442197
292 99 1 0.388882393442197
787 552 1 0.388882393442197
529 974 1 0.388882393442197
874 236 1 0.388882393442197
983 929 1 0.388882393442197
797 894 1 0.388882393442197
269 783 1 0.388882393442197
489 810 1 0.388882393442197
113 999 1 0.388882393442197
462 879 1 0.388882393442197
724 954 1 0.388882393442197
593 693 1 0.388882393442197
112 195 1 0.388882393442197
769 120 1 0.388882393442197
773 54 1 0.388882393442197
200 810 1 0.388882393442197
274 988 1 0.388882393442197
746 551 1 0.388882393442197
375 644 1 0.388882393442197
204 199 1 0.388882393442197
818 53 1 0.388882393442197
527 334 1 0.388882393442197
801 724 1 0.388882393442197
223 416 1 0.388882393442197
129 262 1 0.388882393442197
25 718 1 0.388882393442197
505 20 1 0.388882393442197
91 392 1 0.388882393442197
745 428 1 0.388882393442197
605 636 1 0.388882393442197
385 888 1 0.388882393442197
0 103 1 0.388882393442197
513 709 1 0.388882393442197
570 107 1 0.388882393442197
429 74 1 0.388882393442197
619 863 1 0.388882393442197
632 828 1 0.388882393442197
797 431 1 0.388882393442197
750 45 1 0.388882393442197
285 817 1 0.388882393442197
760 375 1 0.388882393442197
291 185 1 0.388882393442197
579 464 1 0.388882393442197
14 55 1 0.388882393442197
492 361 1 0.388882393442197
436 334 1 0.388882393442197
612 340 1 0.388882393442197
799 856 1 0.388882393442197
976 174 1 0.388882393442197
567 986 1 0.388882393442197
718 303 1 0.388882393442197
397 374 1 0.388882393442197
74 343 1 0.388882393442197
998 951 1 0.388882393442197
757 247 1 0.388882393442197
919 469 1 0.388882393442197
470 30 1 0.388882393442197
397 332 1 0.388882393442197
922 582 1 0.388882393442197
911 95 1 0.388882393442197
896 281 1 0.388882393442197
0 481 1 0.388882393442197
38 621 1 0.388882393442197
818 246 1 0.388882393442197
327 39 1 0.388882393442197
846 844 1 0.388882393442197
569 544 1 0.388882393442197
947 888 1 0.388882393442197
838 916 1 0.388882393442197
609 465 1 0.388882393442197
533 975 1 0.388882393442197
135 23 1 0.388882393442197
574 966 1 0.388882393442197
499 86 1 0.388882393442197
129 522 1 0.388882393442197
137 833 1 0.388882393442197
1 915 1 0.388882393442197
586 528 1 0.388882393442197
812 595 1 0.388882393442197
208 689 1 0.388882393442197
554 746 1 0.388882393442197
637 728 1 0.388882393442197
710 867 1 0.388882393442197
408 953 1 0.388882393442197
367 533 1 0.388882393442197
353 889 1 0.388882393442197
956 537 1 0.388882393442197
23 627 1 0.388882393442197
825 493 1 0.388882393442197
178 544 1 0.388882393442197
873 618 1 0.388882393442197
241 295 1 0.388882393442197
465 689 1 0.388882393442197
168 829 1 0.388882393442197
495 359 1 0.388882393442197
156 288 1 0.388882393442197
193 349 1 0.388882393442197
181 90 1 0.388882393442197
346 165 1 0.388882393442197
36 734 1 0.388882393442197
922 706 1 0.388882393442197
90 945 1 0.388882393442197
450 281 1 0.388882393442197
411 554 1 0.388882393442197
647 671 1 0.388882393442197
775 191 1 0.388882393442197
229 525 1 0.388882393442197
685 662 1 0.388882393442197
148 861 1 0.388882393442197
89 864 1 0.388882393442197
426 832 1 0.388882393442197
302 130 1 0.388882393442197
842 952 1 0.388882393442197
146 487 1 0.388882393442197
260 129 1 0.388882393442197
622 657 1 0.388882393442197
636 849 1 0.388882393442197
648 979 1 0.388882393442197
625 180 1 0.388882393442197
638 172 1 0.388882393442197
66 599 1 0.388882393442197
314 546 1 0.388882393442197
980 740 1 0.388882393442197
260 6 1 0.388882393442197
509 376 1 0.388882393442197
779 688 1 0.388882393442197
425 262 1 0.388882393442197
97 609 1 0.388882393442197
947 733 1 0.388882393442197
109 434 1 0.388882393442197
423 772 1 0.388882393442197
376 933 1 0.388882393442197
188 271 1 0.388882393442197
263 111 1 0.388882393442197
339 612 1 0.388882393442197
659 221 1 0.388882393442197
58 718 1 0.388882393442197
629 233 1 0.388882393442197
475 607 1 0.388882393442197
269 162 1 0.388882393442197
24 525 1 0.388882393442197
995 111 1 0.388882393442197
896 100 1 0.388882393442197
705 90 1 0.388882393442197
975 566 1 0.388882393442197
815 657 1 0.388882393442197
35 962 1 0.388882393442197
374 422 1 0.388882393442197
496 697 1 0.388882393442197
729 313 1 0.388882393442197
628 735 1 0.388882393442197
833 651 1 0.388882393442197
521 600 1 0.388882393442197
239 70 1 0.388882393442197
521 544 1 0.388882393442197
52 873 1 0.388882393442197
122 192 1 0.388882393442197
161 81 1 0.388882393442197
496 923 1 0.388882393442197
719 809 1 0.388882393442197
118 570 1 0.388882393442197
577 26 1 0.388882393442197
947 899 1 0.388882393442197
578 672 1 0.388882393442197
370 223 1 0.388882393442197
334 900 1 0.388882393442197
148 253 1 0.388882393442197
54 923 1 0.388882393442197
191 812 1 0.388882393442197
666 241 1 0.388882393442197
706 232 1 0.388882393442197
846 331 1 0.388882393442197
326 291 1 0.388882393442197
341 565 1 0.388882393442197
24 706 1 0.388882393442197
758 954 1 0.388882393442197
981 132 1 0.388882393442197
770 347 1 0.388882393442197
918 238 1 0.388882393442197
52 352 1 0.388882393442197
342 545 1 0.388882393442197
2 482 1 0.388882393442197
54 467 1 0.388882393442197
978 894 1 0.388882393442197
496 652 1 0.388882393442197
678 320 1 0.388882393442197
91 702 1 0.388882393442197
203 188 1 0.388882393442197
67 383 1 0.388882393442197
493 634 1 0.388882393442197
729 428 1 0.388882393442197
446 463 1 0.388882393442197
238 377 1 0.388882393442197
352 45 1 0.388882393442197
665 127 1 0.388882393442197
809 217 1 0.388882393442197
880 698 1 0.388882393442197
226 432 1 0.388882393442197
484 189 1 0.388882393442197
902 612 1 0.388882393442197
771 185 1 0.388882393442197
99 77 1 0.388882393442197
658 335 1 0.388882393442197
907 247 1 0.388882393442197
610 16 1 0.388882393442197
709 752 1 0.388882393442197
774 944 1 0.388882393442197
107 340 1 0.388882393442197
597 911 1 0.388882393442197
607 192 1 0.388882393442197
23 606 1 0.388882393442197
539 963 1 0.388882393442197
838 250 1 0.388882393442197
565 901 1 0.388882393442197
271 521 1 0.388882393442197
654 857 1 0.388882393442197
590 732 1 0.388882393442197
826 773 1 0.388882393442197
107 906 1 0.388882393442197
915 236 1 0.388882393442197
525 481 1 0.388882393442197
876 434 1 0.388882393442197
290 131 1 0.388882393442197
278 740 1 0.388882393442197
742 986 1 0.388882393442197
609 533 1 0.388882393442197
494 237 1 0.388882393442197
404 671 1 0.388882393442197
369 767 1 0.388882393442197
182 20 1 0.388882393442197
742 318 1 0.388882393442197
699 699 1 0.388882393442197
26 71 1 0.388882393442197
885 121 1 0.388882393442197
946 486 1 0.388882393442197
800 5 1 0.388882393442197
542 510 1 0.388882393442197
939 160 1 0.388882393442197
87 377 1 0.388882393442197
806 123 1 0.388882393442197
922 781 1 0.388882393442197
73 46 1 0.388882393442197
751 582 1 0.388882393442197
253 271 1 0.388882393442197
695 793 1 0.388882393442197
28 563 1 0.388882393442197
129 446 1 0.388882393442197
10 325 1 0.388882393442197
14 501 1 0.388882393442197
541 456 1 0.388882393442197
950 967 1 0.388882393442197
899 188 1 0.388882393442197
589 479 1 0.388882393442197
45 320 1 0.388882393442197
888 520 1 0.388882393442197
815 867 1 0.388882393442197
239 50 1 0.388882393442197
589 790 1 0.388882393442197
544 813 1 0.388882393442197
661 747 1 0.388882393442197
103 972 1 0.388882393442197
28 581 1 0.388882393442197
251 0 1 0.388882393442197
91 625 1 0.388882393442197
34 755 1 0.388882393442197
780 398 1 0.388882393442197
17 174 1 0.388882393442197
136 931 1 0.388882393442197
581 215 1 0.388882393442197
692 131 1 0.388882393442197
756 184 1 0.388882393442197
851 810 1 0.388882393442197
346 234 1 0.388882393442197
761 728 1 0.388882393442197
518 979 1 0.388882393442197
930 290 1 0.388882393442197
599 647 1 0.388882393442197
783 244 1 0.388882393442197
63 532 1 0.388882393442197
704 295 1 0.388882393442197
310 288 1 0.388882393442197
540 855 1 0.388882393442197
597 98 1 0.388882393442197
437 531 1 0.388882393442197
190 90 1 0.388882393442197
586 30 1 0.388882393442197
600 857 1 0.388882393442197
126 848 1 0.388882393442197
315 43 1 0.388882393442197
780 267 1 0.388882393442197
233 682 1 0.388882393442197
845 429 1 0.388882393442197
31 610 1 0.388882393442197
101 483 1 0.388882393442197
566 596 1 0.388882393442197
339 136 1 0.388882393442197
25 318 1 0.388882393442197
862 916 1 0.388882393442197
853 642 1 0.388882393442197
620 104 1 0.388882393442197
126 880 1 0.388882393442197
73 936 1 0.388882393442197
879 252 1 0.388882393442197
643 893 1 0.388882393442197
667 704 1 0.388882393442197
938 413 1 0.388882393442197
414 790 1 0.388882393442197
599 913 1 0.388882393442197
193 134 1 0.388882393442197
484 433 1 0.388882393442197
378 314 1 0.388882393442197
486 840 1 0.388882393442197
88 367 1 0.388882393442197
275 651 1 0.388882393442197
649 681 1 0.388882393442197
764 357 1 0.388882393442197
316 799 1 0.388882393442197
858 832 1 0.388882393442197
732 418 1 0.388882393442197
916 957 1 0.388882393442197
14 196 1 0.388882393442197
698 973 1 0.388882393442197
695 665 1 0.388882393442197
948 784 1 0.388882393442197
879 364 1 0.388882393442197
781 383 1 0.388882393442197
567 466 1 0.388882393442197
705 191 1 0.388882393442197
713 287 1 0.388882393442197
6 35 1 0.388882393442197
492 972 1 0.388882393442197
377 133 1 0.388882393442197
159 280 1 0.388882393442197
616 688 1 0.388882393442197
408 211 1 0.388882393442197
49 882 1 0.388882393442197
380 69 1 0.388882393442197
2 156 1 0.388882393442197
1 926 1 0.388882393442197
415 883 1 0.388882393442197
106 370 1 0.388882393442197
328 253 1 0.388882393442197
960 140 1 0.388882393442197
473 130 1 0.388882393442197
59 41 1 0.388882393442197
74 160 1 0.388882393442197
514 194 1 0.388882393442197
691 489 1 0.388882393442197
12 55 1 0.388882393442197
431 93 1 0.388882393442197
986 50 1 0.388882393442197
262 481 1 0.388882393442197
902 854 1 0.388882393442197
835 704 1 0.388882393442197
876 769 1 0.388882393442197
220 41 1 0.388882393442197
350 412 1 0.388882393442197
651 980 1 0.388882393442197
779 58 1 0.388882393442197
710 592 1 0.388882393442197
153 286 1 0.388882393442197
654 150 1 0.388882393442197
543 671 1 0.388882393442197
287 256 1 0.388882393442197
992 621 1 0.388882393442197
666 190 1 0.388882393442197
771 739 1 0.388882393442197
544 652 1 0.388882393442197
918 568 1 0.388882393442197
657 518 1 0.388882393442197
726 546 1 0.388882393442197
827 504 1 0.388882393442197
406 348 1 0.388882393442197
809 525 1 0.388882393442197
597 929 1 0.388882393442197
107 546 1 0.388882393442197
275 994 1 0.388882393442197
700 494 1 0.388882393442197
743 728 1 0.388882393442197
339 67 1 0.388882393442197
510 776 1 0.388882393442197
392 498 1 0.388882393442197
706 624 1 0.388882393442197
251 225 1 0.388882393442197
623 659 1 0.388882393442197
702 100 1 0.388882393442197
6 671 1 0.388882393442197
255 486 1 0.388882393442197
204 442 1 0.388882393442197
45 130 1 0.388882393442197
137 731 1 0.388882393442197
541 964 1 0.388882393442197
32 321 1 0.388882393442197
422 705 1 0.388882393442197
741 875 1 0.388882393442197
550 235 1 0.388882393442197
754 227 1 0.388882393442197
547 787 1 0.388882393442197
387 46 1 0.388882393442197
973 327 1 0.388882393442197
889 306 1 0.388882393442197
659 505 1 0.388882393442197
338 938 1 0.388882393442197
158 806 1 0.388882393442197
616 514 1 0.388882393442197
547 47 1 0.388882393442197
735 928 1 0.388882393442197
915 648 1 0.388882393442197
646 471 1 0.388882393442197
460 822 1 0.388882393442197
259 141 1 0.388882393442197
673 129 1 0.388882393442197
680 140 1 0.388882393442197
39 229 1 0.388882393442197
656 950 1 0.388882393442197
16 451 1 0.388882393442197
720 749 1 0.388882393442197
415 257 1 0.388882393442197
207 651 1 0.388882393442197
579 67 1 0.388882393442197
302 261 1 0.388882393442197
817 573 1 0.388882393442197
91 79 1 0.388882393442197
861 464 1 0.388882393442197
511 520 1 0.388882393442197
40 402 1 0.388882393442197
86 302 1 0.388882393442197
564 230 1 0.388882393442197
607 345 1 0.388882393442197
925 132 1 0.388882393442197
226 258 1 0.388882393442197
811 479 1 0.388882393442197
936 0 1 0.388882393442197
93 543 1 0.388882393442197
39 186 1 0.388882393442197
525 691 1 0.388882393442197
797 206 1 0.388882393442197
63 219 1 0.388882393442197
824 801 1 0.388882393442197
497 818 1 0.388882393442197
374 673 1 0.388882393442197
283 844 1 0.388882393442197
317 905 1 0.388882393442197
658 375 1 0.388882393442197
75 307 1 0.388882393442197
45 834 1 0.388882393442197
281 287 1 0.388882393442197
490 808 1 0.388882393442197
505 495 1 0.388882393442197
200 692 1 0.388882393442197
916 596 1 0.388882393442197
187 347 1 0.388882393442197
86 563 1 0.388882393442197
714 594 1 0.388882393442197
859 916 1 0.388882393442197
281 306 1 0.388882393442197
397 814 1 0.388882393442197
846 881 1 0.388882393442197
898 894 1 0.388882393442197
998 336 1 0.388882393442197
980 851 1 0.388882393442197
480 973 1 0.388882393442197
334 496 1 0.388882393442197
963 488 1 0.388882393442197
915 28 1 0.388882393442197
99 321 1 0.388882393442197
404 383 1 0.388882393442197
110 239 1 0.388882393442197
770 838 1 0.388882393442197
640 112 1 0.388882393442197
458 486 1 0.388882393442197
628 343 1 0.388882393442197
144 836 1 0.388882393442197
926 247 1 0.388882393442197
867 375 1 0.388882393442197
69 20 1 0.388882393442197
842 421 1 0.388882393442197
219 365 1 0.388882393442197
134 204 1 0.388882393442197
775 159 1 0.388882393442197
703 231 1 0.388882393442197
854 847 1 0.388882393442197
879 983 1 0.388882393442197
128 895 1 0.388882393442197
516 618 1 0.388882393442197
499 973 1 0.388882393442197
0 964 1 0.388882393442197
856 52 1 0.388882393442197
734 74 1 0.388882393442197
28 969 1 0.388882393442197
820 296 1 0.388882393442197
866 114 1 0.388882393442197
182 209 1 0.388882393442197
876 224 1 0.388882393442197
389 435 1 0.388882393442197
737 80 1 0.388882393442197
596 929 1 0.388882393442197
70 257 1 0.388882393442197
362 530 1 0.388882393442197
256 207 1 0.388882393442197
232 293 1 0.388882393442197
217 311 1 0.388882393442197
195 936 1 0.388882393442197
71 347 1 0.388882393442197
251 832 1 0.388882393442197
543 877 1 0.388882393442197
739 28 1 0.388882393442197
604 474 1 0.388882393442197
882 818 1 0.388882393442197
543 514 1 0.388882393442197
37 777 1 0.388882393442197
688 12 1 0.388882393442197
351 222 1 0.388882393442197
439 522 1 0.388882393442197
992 829 1 0.388882393442197
857 399 1 0.388882393442197
426 185 1 0.388882393442197
867 929 1 0.388882393442197
119 232 1 0.388882393442197
756 562 1 0.388882393442197
523 689 1 0.388882393442197
973 637 1 0.388882393442197
278 454 1 0.388882393442197
261 2 1 0.388882393442197
974 878 1 0.388882393442197
833 75 1 0.388882393442197
699 897 1 0.388882393442197
688 520 1 0.388882393442197
961 557 1 0.388882393442197
887 204 1 0.388882393442197
423 862 1 0.388882393442197
124 104 1 0.388882393442197
834 321 1 0.388882393442197
386 856 1 0.388882393442197
818 873 1 0.388882393442197
471 569 1 0.388882393442197
328 906 1 0.388882393442197
766 95 1 0.388882393442197
719 857 1 0.388882393442197
999 643 1 0.388882393442197
787 158 1 0.388882393442197
63 868 1 0.388882393442197
724 187 1 0.388882393442197
131 141 1 0.388882393442197
402 165 1 0.388882393442197
434 814 1 0.388882393442197
582 687 1 0.388882393442197
709 37 1 0.388882393442197
963 416 1 0.388882393442197
18 961 1 0.388882393442197
427 987 1 0.388882393442197
541 635 1 0.388882393442197
466 658 1 0.388882393442197
137 425 1 0.388882393442197
977 380 1 0.388882393442197
245 780 1 0.388882393442197
406 483 1 0.388882393442197
125 504 1 0.388882393442197
537 720 1 0.388882393442197
0 832 1 0.388882393442197
162 43 1 0.388882393442197
811 320 1 0.388882393442197
419 909 1 0.388882393442197
130 847 1 0.388882393442197
419 227 1 0.388882393442197
138 66 1 0.388882393442197
600 901 1 0.388882393442197
874 118 1 0.388882393442197
157 969 1 0.388882393442197
679 183 1 0.388882393442197
369 705 1 0.388882393442197
330 266 1 0.388882393442197
873 790 1 0.388882393442197
561 208 1 0.388882393442197
911 154 1 0.388882393442197
151 809 1 0.388882393442197
68 163 1 0.388882393442197
862 349 1 0.388882393442197
198 178 1 0.388882393442197
812 609 1 0.388882393442197
28 566 1 0.388882393442197
817 907 1 0.388882393442197
537 542 1 0.388882393442197
869 621 1 0.388882393442197
574 178 1 0.388882393442197
248 638 1 0.388882393442197
89 677 1 0.388882393442197
750 618 1 0.388882393442197
502 107 1 0.388882393442197
491 614 1 0.388882393442197
328 956 1 0.388882393442197
791 1 1 0.388882393442197
882 697 1 0.388882393442197
334 366 1 0.388882393442197
565 646 1 0.388882393442197
957 769 1 0.388882393442197
702 766 1 0.388882393442197
703 213 1 0.388882393442197
533 71 1 0.388882393442197
359 638 1 0.388882393442197
469 289 1 0.388882393442197
138 576 1 0.388882393442197
704 842 1 0.388882393442197
491 550 1 0.388882393442197
930 982 1 0.388882393442197
385 393 1 0.388882393442197
563 220 1 0.388882393442197
702 974 1 0.388882393442197
596 640 1 0.388882393442197
915 946 1 0.388882393442197
191 438 1 0.388882393442197
763 58 1 0.388882393442197
141 367 1 0.388882393442197
190 743 1 0.388882393442197
754 928 1 0.388882393442197
694 627 1 0.388882393442197
132 440 1 0.388882393442197
181 134 1 0.388882393442197
826 884 1 0.388882393442197
147 557 1 0.388882393442197
786 515 1 0.388882393442197
355 533 1 0.388882393442197
485 640 1 0.388882393442197
772 586 1 0.388882393442197
675 107 1 0.388882393442197
301 846 1 0.388882393442197
769 638 1 0.388882393442197
249 661 1 0.388882393442197
497 987 1 0.388882393442197
548 617 1 0.388882393442197
306 468 1 0.388882393442197
625 616 1 0.388882393442197
351 613 1 0.388882393442197
859 492 1 0.388882393442197
293 664 1 0.388882393442197
92 811 1 0.388882393442197
117 630 1 0.388882393442197
579 465 1 0.388882393442197
71 672 1 0.388882393442197
712 906 1 0.388882393442197
216 76 1 0.388882393442197
245 912 1 0.388882393442197
289 654 1 0.388882393442197
520 417 1 0.388882393442197
899 473 1 0.388882393442197
261 563 1 0.388882393442197
787 275 1 0.388882393442197
177 399 1 0.388882393442197
449 973 1 0.388882393442197
99 785 1 0.388882393442197
662 516 1 0.388882393442197
586 367 1 0.388882393442197
502 209 1 0.388882393442197
949 559 1 0.388882393442197
575 869 1 0.388882393442197
761 830 1 0.388882393442197
588 493 1 0.388882393442197
724 868 1 0.388882393442197
834 136 1 0.388882393442197
725 813 1 0.388882393442197
859 405 1 0.388882393442197
685 114 1 0.388882393442197
70 371 1 0.388882393442197
619 430 1 0.388882393442197
996 937 1 0.388882393442197
422 694 1 0.388882393442197
24 815 1 0.388882393442197
196 710 1 0.388882393442197
567 907 1 0.388882393442197
609 483 1 0.388882393442197
750 582 1 0.388882393442197
776 444 1 0.388882393442197
54 396 1 0.388882393442197
676 149 1 0.388882393442197
481 384 1 0.388882393442197
445 958 1 0.388882393442197
368 409 1 0.388882393442197
195 756 1 0.388882393442197
968 976 1 0.388882393442197
6 214 1 0.388882393442197
705 180 1 0.388882393442197
867 791 1 0.388882393442197
814 14 1 0.388882393442197
764 502 1 0.388882393442197
976 2 1 0.388882393442197
309 964 1 0.388882393442197
698 314 1 0.388882393442197
906 9 1 0.388882393442197
237 225 1 0.388882393442197
555 938 1 0.388882393442197
686 28 1 0.388882393442197
637 898 1 0.388882393442197
465 792 1 0.388882393442197
536 84 1 0.388882393442197
932 448 1 0.388882393442197
225 424 1 0.388882393442197
210 410 1 0.388882393442197
45 806 1 0.388882393442197
378 400 1 0.388882393442197
43 769 1 0.388882393442197
940 891 1 0.388882393442197
343 517 1 0.388882393442197
174 130 1 0.388882393442197
504 919 1 0.388882393442197
3 327 1 0.388882393442197
563 713 1 0.388882393442197
180 801 1 0.388882393442197
691 953 1 0.388882393442197
800 50 1 0.388882393442197
529 716 1 0.388882393442197
41 438 1 0.388882393442197
917 490 1 0.388882393442197
713 653 1 0.388882393442197
503 585 1 0.388882393442197
618 322 1 0.388882393442197
541 316 1 0.388882393442197
598 603 1 0.388882393442197
263 381 1 0.388882393442197
46 722 1 0.388882393442197
320 705 1 0.388882393442197
616 189 1 0.388882393442197
325 385 1 0.388882393442197
128 149 1 0.388882393442197
105 280 1 0.388882393442197
119 19 1 0.388882393442197
945 796 1 0.388882393442197
338 913 1 0.388882393442197
353 877 1 0.388882393442197
161 667 1 0.388882393442197
196 421 1 0.388882393442197
355 388 1 0.388882393442197
662 120 1 0.388882393442197
55 502 1 0.388882393442197
851 312 1 0.388882393442197
383 522 1 0.388882393442197
406 847 1 0.388882393442197
845 168 1 0.388882393442197
174 376 1 0.388882393442197
938 562 1 0.388882393442197
938 504 1 0.388882393442197
467 827 1 0.388882393442197
977 424 1 0.388882393442197
897 520 1 0.388882393442197
175 542 1 0.388882393442197
301 8 1 0.388882393442197
934 57 1 0.388882393442197
442 696 1 0.388882393442197
879 229 1 0.388882393442197
872 59 1 0.388882393442197
64 808 1 0.388882393442197
875 504 1 0.388882393442197
471 415 1 0.388882393442197
624 735 1 0.388882393442197
632 95 1 0.388882393442197
935 764 1 0.388882393442197
177 16 1 0.388882393442197
181 79 1 0.388882393442197
297 68 1 0.388882393442197
683 401 1 0.388882393442197
393 885 1 0.388882393442197
346 145 1 0.388882393442197
280 60 1 0.388882393442197
169 264 1 0.388882393442197
855 861 1 0.388882393442197
503 373 1 0.388882393442197
215 149 1 0.388882393442197
887 658 1 0.388882393442197
488 189 1 0.388882393442197
139 839 1 0.388882393442197
401 576 1 0.388882393442197
665 345 1 0.388882393442197
489 631 1 0.388882393442197
768 85 1 0.388882393442197
284 335 1 0.388882393442197
730 93 1 0.388882393442197
533 116 1 0.388882393442197
102 246 1 0.388882393442197
35 548 1 0.388882393442197
544 67 1 0.388882393442197
7 497 1 0.388882393442197
183 425 1 0.388882393442197
36 819 1 0.388882393442197
648 82 1 0.388882393442197
756 348 1 0.388882393442197
981 790 1 0.388882393442197
262 11 1 0.388882393442197
610 224 1 0.388882393442197
295 620 1 0.388882393442197
654 350 1 0.388882393442197
369 292 1 0.388882393442197
99 556 1 0.388882393442197
744 105 1 0.388882393442197
931 79 1 0.388882393442197
452 563 1 0.388882393442197
809 263 1 0.388882393442197
767 641 1 0.388882393442197
843 798 1 0.388882393442197
836 249 1 0.388882393442197
176 812 1 0.388882393442197
539 977 1 0.388882393442197
943 711 1 0.388882393442197
242 811 1 0.388882393442197
92 42 1 0.388882393442197
443 853 1 0.388882393442197
328 383 1 0.388882393442197
129 647 1 0.388882393442197
643 426 1 0.388882393442197
239 364 1 0.388882393442197
884 703 1 0.388882393442197
376 338 1 0.388882393442197
413 979 1 0.388882393442197
856 332 1 0.388882393442197
915 412 1 0.388882393442197
270 73 1 0.388882393442197
835 708 1 0.388882393442197
987 825 1 0.388882393442197
866 133 1 0.388882393442197
819 328 1 0.388882393442197
740 215 1 0.388882393442197
933 215 1 0.388882393442197
817 464 1 0.388882393442197
318 647 1 0.388882393442197
338 404 1 0.388882393442197
60 411 1 0.388882393442197
375 760 1 0.388882393442197
698 845 1 0.388882393442197
740 870 1 0.388882393442197
896 70 1 0.388882393442197
405 50 1 0.388882393442197
362 652 1 0.388882393442197
987 35 1 0.388882393442197
397 983 1 0.388882393442197
372 524 1 0.388882393442197
504 611 1 0.388882393442197
558 988 1 0.388882393442197
340 347 1 0.388882393442197
721 918 1 0.388882393442197
142 778 1 0.388882393442197
499 172 1 0.388882393442197
758 40 1 0.388882393442197
826 592 1 0.388882393442197
667 245 1 0.388882393442197
698 746 1 0.388882393442197
308 185 1 0.388882393442197
913 358 1 0.388882393442197
16 846 1 0.388882393442197
466 340 1 0.388882393442197
150 521 1 0.388882393442197
108 68 1 0.388882393442197
831 934 1 0.388882393442197
336 612 1 0.388882393442197
586 435 1 0.388882393442197
121 285 1 0.388882393442197
404 830 1 0.388882393442197
290 6 1 0.388882393442197
778 897 1 0.388882393442197
974 788 1 0.388882393442197
221 826 1 0.388882393442197
910 620 1 0.388882393442197
619 900 1 0.388882393442197
995 151 1 0.388882393442197
325 911 1 0.388882393442197
98 486 1 0.388882393442197
852 177 1 0.388882393442197
99 916 1 0.388882393442197
932 390 1 0.388882393442197
980 247 1 0.388882393442197
875 709 1 0.388882393442197
987 938 1 0.388882393442197
77 413 1 0.388882393442197
583 367 1 0.388882393442197
452 390 1 0.388882393442197
268 491 1 0.388882393442197
936 14 1 0.388882393442197
526 365 1 0.388882393442197
397 686 1 0.388882393442197
277 477 1 0.388882393442197
562 507 1 0.388882393442197
87 146 1 0.388882393442197
400 415 1 0.388882393442197
708 531 1 0.388882393442197
291 869 1 0.388882393442197
299 758 1 0.388882393442197
775 518 1 0.388882393442197
453 170 1 0.388882393442197
825 318 1 0.388882393442197
931 146 1 0.388882393442197
89 165 1 0.388882393442197
24 658 1 0.388882393442197
570 939 1 0.388882393442197
399 394 1 0.388882393442197
898 272 1 0.388882393442197
395 999 1 0.388882393442197
259 272 1 0.388882393442197
990 647 1 0.388882393442197
498 253 1 0.388882393442197
881 335 1 0.388882393442197
408 571 1 0.388882393442197
919 91 1 0.388882393442197
784 690 1 0.388882393442197
565 482 1 0.388882393442197
87 641 1 0.388882393442197
767 150 1 0.388882393442197
997 664 1 0.388882393442197
570 947 1 0.388882393442197
585 498 1 0.388882393442197
956 186 1 0.388882393442197
643 565 1 0.388882393442197
200 703 1 0.388882393442197
128 973 1 0.388882393442197
346 743 1 0.388882393442197
715 451 1 0.388882393442197
352 472 1 0.388882393442197
629 271 1 0.388882393442197
166 813 1 0.388882393442197
913 965 1 0.388882393442197
936 241 1 0.388882393442197
98 791 1 0.388882393442197
945 610 1 0.388882393442197
874 870 1 0.388882393442197
546 495 1 0.388882393442197
24 793 1 0.388882393442197
667 959 1 0.388882393442197
565 53 1 0.388882393442197
684 350 1 0.388882393442197
360 146 1 0.388882393442197
335 474 1 0.388882393442197
321 805 1 0.388882393442197
65 261 1 0.388882393442197
857 922 1 0.388882393442197
772 465 1 0.388882393442197
806 740 1 0.388882393442197
650 155 1 0.388882393442197
80 112 1 0.388882393442197
523 65 1 0.388882393442197
787 833 1 0.388882393442197
366 443 1 0.388882393442197
265 248 1 0.388882393442197
757 391 1 0.388882393442197
187 540 1 0.388882393442197
661 925 1 0.388882393442197
708 667 1 0.388882393442197
32 486 1 0.388882393442197
242 778 1 0.388882393442197
199 750 1 0.388882393442197
670 796 1 0.388882393442197
32 616 1 0.388882393442197
66 821 1 0.388882393442197
307 393 1 0.388882393442197
316 335 1 0.388882393442197
153 58 1 0.388882393442197
96 133 1 0.388882393442197
902 161 1 0.388882393442197
34 994 1 0.388882393442197
448 430 1 0.388882393442197
466 937 1 0.388882393442197
451 883 1 0.388882393442197
26 499 1 0.388882393442197
619 307 1 0.388882393442197
429 911 1 0.388882393442197
219 63 1 0.388882393442197
605 699 1 0.388882393442197
731 352 1 0.388882393442197
553 393 1 0.388882393442197
931 551 1 0.388882393442197
403 173 1 0.388882393442197
220 202 1 0.388882393442197
367 335 1 0.388882393442197
615 846 1 0.388882393442197
549 33 1 0.388882393442197
370 207 1 0.388882393442197
35 764 1 0.388882393442197
152 815 1 0.388882393442197
348 751 1 0.388882393442197
966 272 1 0.388882393442197
948 437 1 0.388882393442197
284 850 1 0.388882393442197
83 277 1 0.388882393442197
271 144 1 0.388882393442197
44 593 1 0.388882393442197
215 303 1 0.388882393442197
977 351 1 0.388882393442197
624 330 1 0.388882393442197
102 807 1 0.388882393442197
814 238 1 0.388882393442197
216 95 1 0.388882393442197
406 869 1 0.388882393442197
0 573 1 0.388882393442197
616 586 1 0.388882393442197
467 561 1 0.388882393442197
677 55 1 0.388882393442197
950 60 1 0.388882393442197
39 307 1 0.388882393442197
760 684 1 0.388882393442197
404 607 1 0.388882393442197
914 408 1 0.388882393442197
674 642 1 0.388882393442197
847 151 1 0.388882393442197
204 157 1 0.388882393442197
74 188 1 0.388882393442197
802 409 1 0.388882393442197
238 245 1 0.388882393442197
50 77 1 0.388882393442197
785 259 1 0.388882393442197
837 665 1 0.388882393442197
764 294 1 0.388882393442197
962 305 1 0.388882393442197
834 415 1 0.388882393442197
856 915 1 0.388882393442197
223 14 1 0.388882393442197
328 952 1 0.388882393442197
314 735 1 0.388882393442197
175 227 1 0.388882393442197
271 129 1 0.388882393442197
127 139 1 0.388882393442197
677 285 1 0.388882393442197
982 685 1 0.388882393442197
761 57 1 0.388882393442197
946 440 1 0.388882393442197
340 480 1 0.388882393442197
125 161 1 0.388882393442197
97 490 1 0.388882393442197
339 462 1 0.388882393442197
93 546 1 0.388882393442197
887 433 1 0.388882393442197
836 961 1 0.388882393442197
787 902 1 0.388882393442197
701 36 1 0.388882393442197
980 531 1 0.388882393442197
371 375 1 0.388882393442197
895 427 1 0.388882393442197
786 624 1 0.388882393442197
652 30 1 0.388882393442197
653 741 1 0.388882393442197
105 664 1 0.388882393442197
17 80 1 0.388882393442197
293 23 1 0.388882393442197
225 595 1 0.388882393442197
360 19 1 0.388882393442197
437 646 1 0.388882393442197
953 116 1 0.388882393442197
768 976 1 0.388882393442197
773 589 1 0.388882393442197
343 443 1 0.388882393442197
634 95 1 0.388882393442197
369 574 1 0.388882393442197
317 485 1 0.388882393442197
39 607 1 0.388882393442197
767 311 1 0.388882393442197
618 805 1 0.388882393442197
672 239 1 0.388882393442197
66 73 1 0.388882393442197
605 568 1 0.388882393442197
848 454 1 0.388882393442197
445 527 1 0.388882393442197
118 597 1 0.388882393442197
76 456 1 0.388882393442197
66 79 1 0.388882393442197
492 727 1 0.388882393442197
333 967 1 0.388882393442197
189 440 1 0.388882393442197
645 4 1 0.388882393442197
177 867 1 0.388882393442197
453 625 1 0.388882393442197
902 154 1 0.388882393442197
683 192 1 0.388882393442197
97 361 1 0.388882393442197
644 513 1 0.388882393442197
757 268 1 0.388882393442197
792 163 1 0.388882393442197
757 182 1 0.388882393442197
92 33 1 0.388882393442197
587 397 1 0.388882393442197
459 317 1 0.388882393442197
744 928 1 0.388882393442197
848 221 1 0.388882393442197
296 718 1 0.388882393442197
803 433 1 0.388882393442197
676 444 1 0.388882393442197
509 138 1 0.388882393442197
906 77 1 0.388882393442197
141 747 1 0.388882393442197
645 746 1 0.388882393442197
257 963 1 0.388882393442197
279 781 1 0.388882393442197
381 124 1 0.388882393442197
833 83 1 0.388882393442197
189 607 1 0.388882393442197
453 27 1 0.388882393442197
205 512 1 0.388882393442197
859 201 1 0.388882393442197
347 839 1 0.388882393442197
245 917 1 0.388882393442197
89 10 1 0.388882393442197
285 967 1 0.388882393442197
429 989 1 0.388882393442197
942 302 1 0.388882393442197
281 302 1 0.388882393442197
811 321 1 0.388882393442197
14 323 1 0.388882393442197
782 69 1 0.388882393442197
97 759 1 0.388882393442197
444 173 1 0.388882393442197
455 673 1 0.388882393442197
699 301 1 0.388882393442197
110 676 1 0.388882393442197
54 801 1 0.388882393442197
945 525 1 0.388882393442197
282 581 1 0.388882393442197
727 918 1 0.388882393442197
832 458 1 0.388882393442197
505 36 1 0.388882393442197
939 892 1 0.388882393442197
454 227 1 0.388882393442197
980 948 1 0.388882393442197
957 382 1 0.388882393442197
284 193 1 0.388882393442197
30 146 1 0.388882393442197
73 722 1 0.388882393442197
564 866 1 0.388882393442197
936 257 1 0.388882393442197
455 994 1 0.388882393442197
841 945 1 0.388882393442197
864 960 1 0.388882393442197
957 161 1 0.388882393442197
36 12 1 0.388882393442197
146 386 1 0.388882393442197
715 292 1 0.388882393442197
974 412 1 0.388882393442197
147 871 1 0.388882393442197
649 629 1 0.388882393442197
735 757 1 0.388882393442197
373 431 1 0.388882393442197
24 201 1 0.388882393442197
816 817 1 0.388882393442197
641 539 1 0.388882393442197
313 325 1 0.388882393442197
241 39 1 0.388882393442197
885 155 1 0.388882393442197
459 440 1 0.388882393442197
640 817 1 0.388882393442197
389 899 1 0.388882393442197
224 822 1 0.388882393442197
214 975 1 0.388882393442197
428 841 1 0.388882393442197
468 78 1 0.388882393442197
242 541 1 0.388882393442197
886 707 1 0.388882393442197
285 958 1 0.388882393442197
251 2 1 0.388882393442197
712 263 1 0.388882393442197
498 187 1 0.388882393442197
792 652 1 0.388882393442197
821 384 1 0.388882393442197
666 860 1 0.388882393442197
444 408 1 0.388882393442197
652 662 1 0.388882393442197
707 281 1 0.388882393442197
803 237 1 0.388882393442197
889 657 1 0.388882393442197
319 611 1 0.388882393442197
784 996 1 0.388882393442197
173 868 1 0.388882393442197
161 119 1 0.388882393442197
887 153 1 0.388882393442197
388 317 1 0.388882393442197
722 712 1 0.388882393442197
809 706 1 0.388882393442197
821 475 1 0.388882393442197
373 691 1 0.388882393442197
829 728 1 0.388882393442197
882 157 1 0.388882393442197
224 127 1 0.388882393442197
451 116 1 0.388882393442197
549 765 1 0.388882393442197
543 780 1 0.388882393442197
166 376 1 0.388882393442197
26 993 1 0.388882393442197
271 199 1 0.388882393442197
726 479 1 0.388882393442197
694 303 1 0.388882393442197
710 608 1 0.388882393442197
989 691 1 0.388882393442197
948 350 1 0.388882393442197
559 383 1 0.388882393442197
715 864 1 0.388882393442197
450 334 1 0.388882393442197
573 404 1 0.388882393442197
351 234 1 0.388882393442197
22 192 1 0.388882393442197
810 883 1 0.388882393442197
682 140 1 0.388882393442197
659 278 1 0.388882393442197
86 462 1 0.388882393442197
577 813 1 0.388882393442197
282 218 1 0.388882393442197
195 335 1 0.388882393442197
81 563 1 0.388882393442197
510 388 1 0.388882393442197
211 241 1 0.388882393442197
375 144 1 0.388882393442197
448 189 1 0.388882393442197
521 7 1 0.388882393442197
439 609 1 0.388882393442197
736 201 1 0.388882393442197
690 622 1 0.388882393442197
564 748 1 0.388882393442197
799 696 1 0.388882393442197
830 574 1 0.388882393442197
103 963 1 0.388882393442197
936 291 1 0.388882393442197
966 848 1 0.388882393442197
481 170 1 0.388882393442197
844 719 1 0.388882393442197
257 291 1 0.388882393442197
954 134 1 0.388882393442197
931 593 1 0.388882393442197
704 689 1 0.388882393442197
939 420 1 0.388882393442197
421 267 1 0.388882393442197
362 645 1 0.388882393442197
975 894 1 0.388882393442197
416 636 1 0.388882393442197
586 14 1 0.388882393442197
867 273 1 0.388882393442197
382 476 1 0.388882393442197
841 71 1 0.388882393442197
280 317 1 0.388882393442197
190 983 1 0.388882393442197
932 167 1 0.388882393442197
575 181 1 0.388882393442197
82 458 1 0.388882393442197
334 221 1 0.388882393442197
554 118 1 0.388882393442197
183 185 1 0.388882393442197
895 822 1 0.388882393442197
740 937 1 0.388882393442197
216 977 1 0.388882393442197
335 525 1 0.388882393442197
902 235 1 0.388882393442197
455 324 1 0.388882393442197
586 748 1 0.388882393442197
391 493 1 0.388882393442197
958 814 1 0.388882393442197
417 652 1 0.388882393442197
687 55 1 0.388882393442197
440 274 1 0.388882393442197
403 479 1 0.388882393442197
281 851 1 0.388882393442197
777 190 1 0.388882393442197
738 291 1 0.388882393442197
896 934 1 0.388882393442197
350 188 1 0.388882393442197
20 410 1 0.388882393442197
832 606 1 0.388882393442197
184 77 1 0.388882393442197
305 555 1 0.388882393442197
925 71 1 0.388882393442197
95 524 1 0.388882393442197
387 739 1 0.388882393442197
560 128 1 0.388882393442197
681 648 1 0.388882393442197
179 598 1 0.388882393442197
807 846 1 0.388882393442197
410 469 1 0.388882393442197
409 45 1 0.388882393442197
255 913 1 0.388882393442197
334 938 1 0.388882393442197
673 570 1 0.388882393442197
237 718 1 0.388882393442197
836 262 1 0.388882393442197
456 364 1 0.388882393442197
604 315 1 0.388882393442197
371 729 1 0.388882393442197
218 131 1 0.388882393442197
525 298 1 0.388882393442197
683 979 1 0.388882393442197
850 590 1 0.388882393442197
139 782 1 0.388882393442197
553 622 1 0.388882393442197
875 130 1 0.388882393442197
295 270 1 0.388882393442197
973 278 1 0.388882393442197
447 766 1 0.388882393442197
571 176 1 0.388882393442197
215 273 1 0.388882393442197
429 120 1 0.388882393442197
406 995 1 0.388882393442197
338 718 1 0.388882393442197
844 377 1 0.388882393442197
11 475 1 0.388882393442197
664 823 1 0.388882393442197
774 594 1 0.388882393442197
547 816 1 0.388882393442197
474 962 1 0.388882393442197
354 651 1 0.388882393442197
732 61 1 0.388882393442197
12 253 1 0.388882393442197
701 897 1 0.388882393442197
328 248 1 0.388882393442197
160 152 1 0.388882393442197
135 93 1 0.388882393442197
997 792 1 0.388882393442197
415 37 1 0.388882393442197
604 873 1 0.388882393442197
805 982 1 0.388882393442197
921 924 1 0.388882393442197
54 534 1 0.388882393442197
361 374 1 0.388882393442197
752 975 1 0.388882393442197
946 411 1 0.388882393442197
96 100 1 0.388882393442197
274 26 1 0.388882393442197
721 408 1 0.388882393442197
774 629 1 0.388882393442197
81 506 1 0.388882393442197
411 784 1 0.388882393442197
68 439 1 0.388882393442197
340 697 1 0.388882393442197
348 885 1 0.388882393442197
420 268 1 0.388882393442197
923 780 1 0.388882393442197
586 136 1 0.388882393442197
666 451 1 0.388882393442197
617 845 1 0.388882393442197
425 435 1 0.388882393442197
288 28 1 0.388882393442197
3 957 1 0.388882393442197
61 692 1 0.388882393442197
996 535 1 0.388882393442197
447 631 1 0.388882393442197
731 628 1 0.388882393442197
498 875 1 0.388882393442197
214 126 1 0.388882393442197
144 205 1 0.388882393442197
495 832 1 0.388882393442197
988 738 1 0.388882393442197
770 298 1 0.388882393442197
806 575 1 0.388882393442197
516 248 1 0.388882393442197
369 649 1 0.388882393442197
247 289 1 0.388882393442197
271 603 1 0.388882393442197
179 364 1 0.388882393442197
824 795 1 0.388882393442197
482 892 1 0.388882393442197
248 892 1 0.388882393442197
552 249 1 0.388882393442197
839 386 1 0.388882393442197
38 744 1 0.388882393442197
561 508 1 0.388882393442197
21 466 1 0.388882393442197
771 647 1 0.388882393442197
109 793 1 0.388882393442197
699 401 1 0.388882393442197
176 292 1 0.388882393442197
10 763 1 0.388882393442197
107 116 1 0.388882393442197
224 556 1 0.388882393442197
141 959 1 0.388882393442197
736 707 1 0.388882393442197
255 189 1 0.388882393442197
766 532 1 0.388882393442197
131 128 1 0.388882393442197
226 71 1 0.388882393442197
830 269 1 0.388882393442197
200 445 1 0.388882393442197
821 142 1 0.388882393442197
106 469 1 0.388882393442197
201 259 1 0.388882393442197
760 162 1 0.388882393442197
233 981 1 0.388882393442197
903 649 1 0.388882393442197
249 769 1 0.388882393442197
662 531 1 0.388882393442197
427 174 1 0.388882393442197
833 961 1 0.388882393442197
230 907 1 0.388882393442197
171 300 1 0.388882393442197
786 340 1 0.388882393442197
181 160 1 0.388882393442197
413 171 1 0.388882393442197
749 629 1 0.388882393442197
440 944 1 0.388882393442197
228 656 1 0.388882393442197
960 527 1 0.388882393442197
557 755 1 0.388882393442197
111 920 1 0.388882393442197
251 896 1 0.388882393442197
830 858 1 0.388882393442197
520 954 1 0.388882393442197
704 235 1 0.388882393442197
595 211 1 0.388882393442197
312 123 1 0.388882393442197
299 340 1 0.388882393442197
865 841 1 0.388882393442197
330 469 1 0.388882393442197
349 435 1 0.388882393442197
628 206 1 0.388882393442197
498 594 1 0.388882393442197
226 405 1 0.388882393442197
923 144 1 0.388882393442197
914 34 1 0.388882393442197
197 346 1 0.388882393442197
386 971 1 0.388882393442197
926 999 1 0.388882393442197
241 208 1 0.388882393442197
286 336 1 0.388882393442197
741 850 1 0.388882393442197
543 68 1 0.388882393442197
714 321 1 0.388882393442197
510 817 1 0.388882393442197
396 275 1 0.388882393442197
341 678 1 0.388882393442197
30 755 1 0.388882393442197
937 845 1 0.388882393442197
531 241 1 0.388882393442197
843 547 1 0.388882393442197
574 956 1 0.388882393442197
281 148 1 0.388882393442197
800 744 1 0.388882393442197
501 515 1 0.388882393442197
295 770 1 0.388882393442197
218 415 1 0.388882393442197
804 467 1 0.388882393442197
121 316 1 0.388882393442197
322 460 1 0.388882393442197
310 943 1 0.388882393442197
828 256 1 0.388882393442197
868 477 1 0.388882393442197
52 357 1 0.388882393442197
900 543 1 0.388882393442197
734 261 1 0.388882393442197
667 909 1 0.388882393442197
562 886 1 0.388882393442197
682 520 1 0.388882393442197
87 537 1 0.388882393442197
696 932 1 0.388882393442197
376 551 1 0.388882393442197
459 499 1 0.388882393442197
29 864 1 0.388882393442197
633 290 1 0.388882393442197
373 915 1 0.388882393442197
841 23 1 0.388882393442197
527 298 1 0.388882393442197
649 424 1 0.388882393442197
39 433 1 0.388882393442197
358 734 1 0.388882393442197
344 988 1 0.388882393442197
510 838 1 0.388882393442197
567 208 1 0.388882393442197
864 67 1 0.388882393442197
14 570 1 0.388882393442197
550 765 1 0.388882393442197
414 947 1 0.388882393442197
807 777 1 0.388882393442197
61 123 1 0.388882393442197
139 891 1 0.388882393442197
989 701 1 0.388882393442197
975 395 1 0.388882393442197
136 211 1 0.388882393442197
373 477 1 0.388882393442197
955 148 1 0.388882393442197
416 873 1 0.388882393442197
715 559 1 0.388882393442197
692 209 1 0.388882393442197
431 164 1 0.388882393442197
852 707 1 0.388882393442197
19 560 1 0.388882393442197
76 93 1 0.388882393442197
86 78 1 0.388882393442197
945 822 1 0.388882393442197
858 442 1 0.388882393442197
543 526 1 0.388882393442197
645 30 1 0.388882393442197
669 592 1 0.388882393442197
587 972 1 0.388882393442197
61 234 1 0.388882393442197
250 238 1 0.388882393442197
678 215 1 0.388882393442197
820 62 1 0.388882393442197
877 215 1 0.388882393442197
647 845 1 0.388882393442197
58 367 1 0.388882393442197
353 343 1 0.388882393442197
520 613 1 0.388882393442197
295 200 1 0.388882393442197
683 220 1 0.388882393442197
611 78 1 0.388882393442197
144 562 1 0.388882393442197
178 417 1 0.388882393442197
619 595 1 0.388882393442197
800 336 1 0.388882393442197
612 809 1 0.388882393442197
623 637 1 0.388882393442197
858 781 1 0.388882393442197
726 536 1 0.388882393442197
401 525 1 0.388882393442197
902 487 1 0.388882393442197
433 270 1 0.388882393442197
102 743 1 0.388882393442197
697 133 1 0.388882393442197
917 4 1 0.388882393442197
418 391 1 0.388882393442197
67 617 1 0.388882393442197
245 583 1 0.388882393442197
93 676 1 0.388882393442197
142 465 1 0.388882393442197
160 638 1 0.388882393442197
548 778 1 0.388882393442197
90 457 1 0.388882393442197
118 672 1 0.388882393442197
278 218 1 0.388882393442197
309 766 1 0.388882393442197
698 993 1 0.388882393442197
126 535 1 0.388882393442197
505 566 1 0.388882393442197
219 589 1 0.388882393442197
134 231 1 0.388882393442197
237 149 1 0.388882393442197
349 878 1 0.388882393442197
702 338 1 0.388882393442197
697 24 1 0.388882393442197
8 639 1 0.388882393442197
124 500 1 0.388882393442197
557 862 1 0.388882393442197
963 401 1 0.388882393442197
735 859 1 0.388882393442197
241 117 1 0.388882393442197
262 170 1 0.388882393442197
785 110 1 0.388882393442197
550 698 1 0.388882393442197
762 338 1 0.388882393442197
304 430 1 0.388882393442197
495 41 1 0.388882393442197
513 248 1 0.388882393442197
82 834 1 0.388882393442197
272 336 1 0.388882393442197
679 497 1 0.388882393442197
158 106 1 0.388882393442197
35 695 1 0.388882393442197
224 662 1 0.388882393442197
739 126 1 0.388882393442197
805 114 1 0.388882393442197
172 849 1 0.388882393442197
648 161 1 0.388882393442197
916 935 1 0.388882393442197
119 97 1 0.388882393442197
238 575 1 0.388882393442197
447 619 1 0.388882393442197
926 923 1 0.388882393442197
362 418 1 0.388882393442197
507 300 1 0.388882393442197
200 929 1 0.388882393442197
192 939 1 0.388882393442197
976 805 1 0.388882393442197
569 71 1 0.388882393442197
483 439 1 0.388882393442197
574 615 1 0.388882393442197
159 264 1 0.388882393442197
135 749 1 0.388882393442197
578 61 1 0.388882393442197
669 426 1 0.388882393442197
93 348 1 0.388882393442197
194 535 1 0.388882393442197
737 276 1 0.388882393442197
37 770 1 0.388882393442197
887 9 1 0.388882393442197
185 86 1 0.388882393442197
944 480 1 0.388882393442197
552 977 1 0.388882393442197
728 330 1 0.388882393442197
143 407 1 0.388882393442197
106 471 1 0.388882393442197
793 894 1 0.388882393442197
465 549 1 0.388882393442197
780 79 1 0.388882393442197
567 408 1 0.388882393442197
727 594 1 0.388882393442197
64 861 1 0.388882393442197
991 109 1 0.388882393442197
471 677 1 0.388882393442197
778 271 1 0.388882393442197
731 874 1 0.388882393442197
270 848 1 0.388882393442197
502 825 1 0.388882393442197
482 889 1 0.388882393442197
194 919 1 0.388882393442197
539 611 1 0.388882393442197
860 750 1 0.388882393442197
404 284 1 0.388882393442197
127 594 1 0.388882393442197
627 943 1 0.388882393442197
761 540 1 0.388882393442197
573 594 1 0.388882393442197
402 894 1 0.388882393442197
208 456 1 0.388882393442197
794 897 1 0.388882393442197
896 117 1 0.388882393442197
229 50 1 0.388882393442197
111 831 1 0.388882393442197
421 537 1 0.388882393442197
684 683 1 0.388882393442197
998 952 1 0.388882393442197
883 959 1 0.388882393442197
248 994 1 0.388882393442197
26 275 1 0.388882393442197
327 519 1 0.388882393442197
448 301 1 0.388882393442197
410 311 1 0.388882393442197
626 564 1 0.388882393442197
995 24 1 0.388882393442197
494 985 1 0.388882393442197
641 223 1 0.388882393442197
695 290 1 0.388882393442197
256 174 1 0.388882393442197
288 985 1 0.388882393442197
144 558 1 0.388882393442197
871 185 1 0.388882393442197
69 444 1 0.388882393442197
641 899 1 0.388882393442197
901 365 1 0.388882393442197
509 1 1 0.388882393442197
137 903 1 0.388882393442197
480 288 1 0.388882393442197
651 94 1 0.388882393442197
731 957 1 0.388882393442197
373 731 1 0.388882393442197
579 531 1 0.388882393442197
227 619 1 0.388882393442197
205 645 1 0.388882393442197
85 168 1 0.388882393442197
654 972 1 0.388882393442197
195 336 1 0.388882393442197
711 468 1 0.388882393442197
143 972 1 0.388882393442197
287 172 1 0.388882393442197
721 643 1 0.388882393442197
535 934 1 0.388882393442197
135 602 1 0.388882393442197
485 664 1 0.388882393442197
269 243 1 0.388882393442197
703 21 1 0.388882393442197
419 463 1 0.388882393442197
793 958 1 0.388882393442197
978 868 1 0.388882393442197
243 495 1 0.388882393442197
529 658 1 0.388882393442197
366 231 1 0.388882393442197
727 159 1 0.388882393442197
508 991 1 0.388882393442197
512 992 1 0.388882393442197
579 586 1 0.388882393442197
642 355 1 0.388882393442197
416 92 1 0.388882393442197
856 55 1 0.388882393442197
668 401 1 0.388882393442197
997 688 1 0.388882393442197
739 992 1 0.388882393442197
525 22 1 0.388882393442197
789 172 1 0.388882393442197
384 569 1 0.388882393442197
450 777 1 0.388882393442197
69 352 1 0.388882393442197
837 109 1 0.388882393442197
53 188 1 0.388882393442197
900 764 1 0.388882393442197
882 552 1 0.388882393442197
283 142 1 0.388882393442197
746 827 1 0.388882393442197
831 805 1 0.388882393442197
389 693 1 0.388882393442197
543 294 1 0.388882393442197
827 568 1 0.388882393442197
32 174 1 0.388882393442197
90 264 1 0.388882393442197
356 939 1 0.388882393442197
80 685 1 0.388882393442197
268 77 1 0.388882393442197
343 969 1 0.388882393442197
986 406 1 0.388882393442197
471 456 1 0.388882393442197
296 200 1 0.388882393442197
710 465 1 0.388882393442197
302 409 1 0.388882393442197
109 476 1 0.388882393442197
149 431 1 0.388882393442197
217 197 1 0.388882393442197
110 318 1 0.388882393442197
231 811 1 0.388882393442197
414 112 1 0.388882393442197
49 709 1 0.388882393442197
454 379 1 0.388882393442197
112 691 1 0.388882393442197
350 768 1 0.388882393442197
44 166 1 0.388882393442197
518 680 1 0.388882393442197
92 699 1 0.388882393442197
317 354 1 0.388882393442197
459 106 1 0.388882393442197
893 997 1 0.388882393442197
428 912 1 0.388882393442197
584 337 1 0.388882393442197
46 17 1 0.388882393442197
904 524 1 0.388882393442197
140 123 1 0.388882393442197
456 858 1 0.388882393442197
301 932 1 0.388882393442197
300 960 1 0.388882393442197
686 677 1 0.388882393442197
719 741 1 0.388882393442197
482 597 1 0.388882393442197
325 727 1 0.388882393442197
428 279 1 0.388882393442197
