20 20 1 0.388882393442197
20 60 1 0.388882393442197
20 100 1 0.388882393442197
20 140 1 0.388882393442197
20 180 1 0.388882393442197
20 220 1 0.388882393442197
20 260 1 0.388882393442197
20 300 1 0.388882393442197
20 340 1 0.388882393442197
20 380 1 0.388882393442197
20 420 1 0.388882393442197
20 460 1 0.388882393442197
20 500 1 0.388882393442197
20 540 1 0.388882393442197
20 580 1 0.388882393442197
20 620 1 0.388882393442197
20 660 1 0.388882393442197
20 700 1 0.388882393442197
20 740 1 0.388882393442197
20 780 1 0.388882393442197
20 820 1 0.388882393442197
20 860 1 0.388882393442197
20 900 1 0.388882393442197
20 940 1 0.388882393442197
20 980 1 0.388882393442197
60 20 1 0.388882393442197
60 60 1 0.388882393442197
60 100 1 0.388882393442197
60 140 1 0.388882393442197
60 180 1 0.388882393442197
60 220 1 0.388882393442197
60 260 1 0.388882393442197
60 300 1 0.388882393442197
60 340 1 0.388882393442197
60 380 1 0.388882393442197
60 420 1 0.388882393442197
60 460 1 0.388882393442197
60 500 1 0.388882393442197
60 540 1 0.388882393442197
60 580 1 0.388882393442197
60 620 1 0.388882393442197
60 660 1 0.388882393442197
60 700 1 0.388882393442197
60 740 1 0.388882393442197
60 780 1 0.388882393442197
60 820 1 0.388882393442197
60 860 1 0.388882393442197
60 900 1 0.388882393442197
60 940 1 0.388882393442197
60 980 1 0.388882393442197
100 20 1 0.388882393442197
100 60 1 0.388882393442197
100 100 1 0.388882393442197
100 140 1 0.388882393442197
100 180 1 0.388882393442197
100 220 1 0.388882393442197
100 260 1 0.388882393442197
100 300 1 0.388882393442197
100 340 1 0.388882393442197
100 380 1 0.388882393442197
100 420 1 0.388882393442197
100 460 1 0.388882393442197
100 500 1 0.388882393442197
100 540 1 0.388882393442197
100 580 1 0.388882393442197
100 620 1 0.388882393442197
100 660 1 0.388882393442197
100 700 1 0.388882393442197
100 740 1 0.388882393442197
100 780 1 0.388882393442197
100 820 1 0.388882393442197
100 860 1 0.388882393442197
100 900 1 0.388882393442197
100 940 1 0.388882393442197
100 980 1 0.388882393442197
140 20 1 0.388882393442197
140 60 1 0.388882393442197
140 100 1 0.388882393442197
140 140 1 0.388882393442197
140 180 1 0.388882393442197
140 220 1 0.388882393442197
140 260 1 0.388882393442197
140 300 1 0.388882393442197
140 340 1 0.388882393442197
140 380 1 0.388882393442197
140 420 1 0.388882393442197
140 460 1 0.388882393442197
140 500 1 0.388882393442197
140 540 1 0.388882393442197
140 580 1 0.388882393442197
140 620 1 0.388882393442197
140 660 1 0.388882393442197
140 700 1 0.388882393442197
140 740 1 0.388882393442197
140 780 1 0.388882393442197
140 820 1 0.388882393442197
140 860 1 0.388882393442197
140 900 1 0.388882393442197
140 940 1 0.388882393442197
140 980 1 0.388882393442197
180 20 1 0.388882393442197
180 60 1 0.388882393442197
180 100 1 0.388882393442197
180 140 1 0.388882393442197
180 180 1 0.388882393442197
180 220 1 0.388882393442197
180 260 1 0.388882393442197
180 300 1 0.388882393442197
180 340 1 0.388882393442197
180 380 1 0.388882393442197
180 420 1 0.388882393442197
180 460 1 0.388882393442197
180 500 1 0.388882393442197
180 540 1 0.388882393442197
180 580 1 0.388882393442197
180 620 1 0.388882393442197
180 660 1 0.388882393442197
180 700 1 0.388882393442197
180 740 1 0.388882393442197
180 780 1 0.388882393442197
180 820 1 0.388882393442197
180 860 1 0.388882393442197
180 900 1 0.388882393442197
180 940 1 0.388882393442197
180 980 1 0.388882393442197
220 20 1 0.388882393442197
220 60 1 0.388882393442197
220 100 1 0.388882393442197
220 140 1 0.388882393442197
220 180 1 0.388882393442197
220 220 1 0.388882393442197
220 260 1 0.388882393442197
220 300 1 0.388882393442197
220 340 1 0.388882393442197
220 380 1 0.388882393442197
220 420 1 0.388882393442197
220 460 1 0.388882393442197
220 500 1 0.388882393442197
220 540 1 0.388882393442197
220 580 1 0.388882393442197
220 620 1 0.388882393442197
220 660 1 0.388882393442197
220 700 1 0.388882393442197
220 740 1 0.388882393442197
220 780 1 0.388882393442197
220 820 1 0.388882393442197
220 860 1 0.388882393442197
220 900 1 0.388882393442197
220 940 1 0.388882393442197
220 980 1 0.388882393442197
260 20 1 0.388882393442197
260 60 1 0.388882393442197
260 100 1 0.388882393442197
260 140 1 0.388882393442197
260 180 1 0.388882393442197
260 220 1 0.388882393442197
260 260 1 0.388882393442197
260 300 1 0.388882393442197
260 340 1 0.388882393442197
260 380 1 0.388882393442197
260 420 1 0.388882393442197
260 460 1 0.388882393442197
260 500 1 0.388882393442197
260 540 1 0.388882393442197
260 580 1 0.388882393442197
260 620 1 0.388882393442197
260 660 1 0.388882393442197
260 700 1 0.388882393442197
260 740 1 0.388882393442197
260 780 1 0.388882393442197
260 820 1 0.388882393442197
260 860 1 0.388882393442197
260 900 1 0.388882393442197
260 940 1 0.388882393442197
260 980 1 0.388882393442197
300 20 1 0.388882393442197
300 60 1 0.388882393442197
300 100 1 0.388882393442197
300 140 1 0.388882393442197
300 180 1 0.388882393442197
300 220 1 0.388882393442197
300 260 1 0.388882393442197
300 300 1 0.388882393442197
300 340 1 0.388882393442197
300 380 1 0.388882393442197
300 420 1 0.388882393442197
300 460 1 0.388882393442197
300 500 1 0.388882393442197
300 540 1 0.388882393442197
300 580 1 0.388882393442197
300 620 1 0.388882393442197
300 660 1 0.388882393442197
300 700 1 0.388882393442197
300 740 1 0.388882393442197
300 780 1 0.388882393442197
300 820 1 0.388882393442197
300 860 1 0.388882393442197
300 900 1 0.388882393442197
300 940 1 0.388882393442197
300 980 1 0.388882393442197
340 20 1 0.388882393442197
340 60 1 0.388882393442197
340 100 1 0.388882393442197
340 140 1 0.388882393442197
340 180 1 0.388882393442197
340 220 1 0.388882393442197
340 260 1 0.388882393442197
340 300 1 0.388882393442197
340 340 1 0.388882393442197
340 380 1 0.388882393442197
340 420 1 0.388882393442197
340 460 1 0.388882393442197
340 500 1 0.388882393442197
340 540 1 0.388882393442197
340 580 1 0.388882393442197
340 620 1 0.388882393442197
340 660 1 0.388882393442197
340 700 1 0.388882393442197
340 740 1 0.388882393442197
340 780 1 0.388882393442197
340 820 1 0.388882393442197
340 860 1 0.388882393442197
340 900 1 0.388882393442197
340 940 1 0.388882393442197
340 980 1 0.388882393442197
380 20 1 0.388882393442197
380 60 1 0.388882393442197
380 100 1 0.388882393442197
380 140 1 0.388882393442197
380 180 1 0.388882393442197
380 220 1 0.388882393442197
380 260 1 0.388882393442197
380 300 1 0.388882393442197
380 340 1 0.388882393442197
380 380 1 0.388882393442197
380 420 1 0.388882393442197
380 460 1 0.388882393442197
380 500 1 0.388882393442197
380 540 1 0.388882393442197
380 580 1 0.388882393442197
380 620 1 0.388882393442197
380 660 1 0.388882393442197
380 700 1 0.388882393442197
380 740 1 0.388882393442197
380 780 1 0.388882393442197
380 820 1 0.388882393442197
380 860 1 0.388882393442197
380 900 1 0.388882393442197
380 940 1 0.388882393442197
380 980 1 0.388882393442197
420 20 1 0.388882393442197
420 60 1 0.388882393442197
420 100 1 0.388882393442197
420 140 1 0.388882393442197
420 180 1 0.388882393442197
420 220 1 0.388882393442197
420 260 1 0.388882393442197
420 300 1 0.388882393442197
420 340 1 0.388882393442197
420 380 1 0.388882393442197
420 420 1 0.388882393442197
420 460 1 0.388882393442197
420 500 1 0.388882393442197
420 540 1 0.388882393442197
420 580 1 0.388882393442197
420 620 1 0.388882393442197
420 660 1 0.388882393442197
420 700 1 0.388882393442197
420 740 1 0.388882393442197
420 780 1 0.388882393442197
420 820 1 0.388882393442197
420 860 1 0.388882393442197
420 900 1 0.388882393442197
420 940 1 0.388882393442197
420 980 1 0.388882393442197
460 20 1 0.388882393442197
460 60 1 0.388882393442197
460 100 1 0.388882393442197
460 140 1 0.388882393442197
460 180 1 0.388882393442197
460 220 1 0.388882393442197
460 260 1 0.388882393442197
460 300 1 0.388882393442197
460 340 1 0.388882393442197
460 380 1 0.388882393442197
460 420 1 0.388882393442197
460 460 1 0.388882393442197
460 500 1 0.388882393442197
460 540 1 0.388882393442197
460 580 1 0.388882393442197
460 620 1 0.388882393442197
460 660 1 0.388882393442197
460 700 1 0.388882393442197
460 740 1 0.388882393442197
460 780 1 0.388882393442197
460 820 1 0.388882393442197
460 860 1 0.388882393442197
460 900 1 0.388882393442197
460 940 1 0.388882393442197
460 980 1 0.388882393442197
500 20 1 0.388882393442197
500 60 1 0.388882393442197
500 100 1 0.388882393442197
500 140 1 0.388882393442197
500 180 1 0.388882393442197
500 220 1 0.388882393442197
500 260 1 0.388882393442197
500 300 1 0.388882393442197
500 340 1 0.388882393442197
500 380 1 0.388882393442197
500 420 1 0.388882393442197
500 460 1 0.388882393442197
500 500 1 0.388882393442197
500 540 1 0.388882393442197
500 580 1 0.388882393442197
500 620 1 0.388882393442197
500 660 1 0.388882393442197
500 700 1 0.388882393442197
500 740 1 0.388882393442197
500 780 1 0.388882393442197
500 820 1 0.388882393442197
500 860 1 0.388882393442197
500 900 1 0.388882393442197
500 940 1 0.388882393442197
500 980 1 0.388882393442197
540 20 1 0.388882393442197
540 60 1 0.388882393442197
540 100 1 0.388882393442197
540 140 1 0.388882393442197
540 180 1 0.388882393442197
540 220 1 0.388882393442197
540 260 1 0.388882393442197
540 300 1 0.388882393442197
540 340 1 0.388882393442197
540 380 1 0.388882393442197
540 420 1 0.388882393442197
540 460 1 0.388882393442197
540 500 1 0.388882393442197
540 540 1 0.388882393442197
540 580 1 0.388882393442197
540 620 1 0.388882393442197
540 660 1 0.388882393442197
540 700 1 0.388882393442197
540 740 1 0.388882393442197
540 780 1 0.388882393442197
540 820 1 0.388882393442197
540 860 1 0.388882393442197
540 900 1 0.388882393442197
540 940 1 0.388882393442197
540 980 1 0.388882393442197
580 20 1 0.388882393442197
580 60 1 0.388882393442197
580 100 1 0.388882393442197
580 140 1 0.388882393442197
580 180 1 0.388882393442197
580 220 1 0.388882393442197
580 260 1 0.388882393442197
580 300 1 0.388882393442197
580 340 1 0.388882393442197
580 380 1 0.388882393442197
580 420 1 0.388882393442197
580 460 1 0.388882393442197
580 500 1 0.388882393442197
580 540 1 0.388882393442197
580 580 1 0.388882393442197
580 620 1 0.388882393442197
580 660 1 0.388882393442197
580 700 1 0.388882393442197
580 740 1 0.388882393442197
580 780 1 0.388882393442197
580 820 1 0.388882393442197
580 860 1 0.388882393442197
580 900 1 0.388882393442197
580 940 1 0.388882393442197
580 980 1 0.388882393442197
620 20 1 0.388882393442197
620 60 1 0.388882393442197
620 100 1 0.388882393442197
620 140 1 0.388882393442197
620 180 1 0.388882393442197
620 220 1 0.388882393442197
620 260 1 0.388882393442197
620 300 1 0.388882393442197
620 340 1 0.388882393442197
620 380 1 0.388882393442197
620 420 1 0.388882393442197
620 460 1 0.388882393442197
620 500 1 0.388882393442197
620 540 1 0.388882393442197
620 580 1 0.388882393442197
620 620 1 0.388882393442197
620 660 1 0.388882393442197
620 700 1 0.388882393442197
620 740 1 0.388882393442197
620 780 1 0.388882393442197
620 820 1 0.388882393442197
620 860 1 0.388882393442197
620 900 1 0.388882393442197
620 940 1 0.388882393442197
620 980 1 0.388882393442197
660 20 1 0.388882393442197
660 60 1 0.388882393442197
660 100 1 0.388882393442197
660 140 1 0.388882393442197
660 180 1 0.388882393442197
660 220 1 0.388882393442197
660 260 1 0.388882393442197
660 300 1 0.388882393442197
660 340 1 0.388882393442197
660 380 1 0.388882393442197
660 420 1 0.388882393442197
660 460 1 0.388882393442197
660 500 1 0.388882393442197
660 540 1 0.388882393442197
660 580 1 0.388882393442197
660 620 1 0.388882393442197
660 660 1 0.388882393442197
660 700 1 0.388882393442197
660 740 1 0.388882393442197
660 780 1 0.388882393442197
660 820 1 0.388882393442197
660 860 1 0.388882393442197
660 900 1 0.388882393442197
660 940 1 0.388882393442197
660 980 1 0.388882393442197
700 20 1 0.388882393442197
700 60 1 0.388882393442197
700 100 1 0.388882393442197
700 140 1 0.388882393442197
700 180 1 0.388882393442197
700 220 1 0.388882393442197
700 260 1 0.388882393442197
700 300 1 0.388882393442197
700 340 1 0.388882393442197
700 380 1 0.388882393442197
700 420 1 0.388882393442197
700 460 1 0.388882393442197
700 500 1 0.388882393442197
700 540 1 0.388882393442197
700 580 1 0.388882393442197
700 620 1 0.388882393442197
700 660 1 0.388882393442197
700 700 1 0.388882393442197
700 740 1 0.388882393442197
700 780 1 0.388882393442197
700 820 1 0.388882393442197
700 860 1 0.388882393442197
700 900 1 0.388882393442197
700 940 1 0.388882393442197
700 980 1 0.388882393442197
740 20 1 0.388882393442197
740 60 1 0.388882393442197
740 100 1 0.388882393442197
740 140 1 0.388882393442197
740 180 1 0.388882393442197
740 220 1 0.388882393442197
740 260 1 0.388882393442197
740 300 1 0.388882393442197
740 340 1 0.388882393442197
740 380 1 0.388882393442197
740 420 1 0.388882393442197
740 460 1 0.388882393442197
740 500 1 0.388882393442197
740 540 1 0.388882393442197
740 580 1 0.388882393442197
740 620 1 0.388882393442197
740 660 1 0.388882393442197
740 700 1 0.388882393442197
740 740 1 0.388882393442197
740 780 1 0.388882393442197
740 820 1 0.388882393442197
740 860 1 0.388882393442197
740 900 1 0.388882393442197
740 940 1 0.388882393442197
740 980 1 0.388882393442197
780 20 1 0.388882393442197
780 60 1 0.388882393442197
780 100 1 0.388882393442197
780 140 1 0.388882393442197
780 180 1 0.388882393442197
780 220 1 0.388882393442197
780 260 1 0.388882393442197
780 300 1 0.388882393442197
780 340 1 0.388882393442197
780 380 1 0.388882393442197
780 420 1 0.388882393442197
780 460 1 0.388882393442197
780 500 1 0.388882393442197
780 540 1 0.388882393442197
780 580 1 0.388882393442197
780 620 1 0.388882393442197
780 660 1 0.388882393442197
780 700 1 0.388882393442197
780 740 1 0.388882393442197
780 780 1 0.388882393442197
780 820 1 0.388882393442197
780 860 1 0.388882393442197
780 900 1 0.388882393442197
780 940 1 0.388882393442197
780 980 1 0.388882393442197
820 20 1 0.388882393442197
820 60 1 0.388882393442197
820 100 1 0.388882393442197
820 140 1 0.388882393442197
820 180 1 0.388882393442197
820 220 1 0.388882393442197
820 260 1 0.388882393442197
820 300 1 0.388882393442197
820 340 1 0.388882393442197
820 380 1 0.388882393442197
820 420 1 0.388882393442197
820 460 1 0.388882393442197
820 500 1 0.388882393442197
820 540 1 0.388882393442197
820 580 1 0.388882393442197
820 620 1 0.388882393442197
820 660 1 0.388882393442197
820 700 1 0.388882393442197
820 740 1 0.388882393442197
820 780 1 0.388882393442197
820 820 1 0.388882393442197
820 860 1 0.388882393442197
820 900 1 0.388882393442197
820 940 1 0.388882393442197
820 980 1 0.388882393442197
860 20 1 0.388882393442197
860 60 1 0.388882393442197
860 100 1 0.388882393442197
860 140 1 0.388882393442197
860 180 1 0.388882393442197
860 220 1 0.388882393442197
860 260 1 0.388882393442197
860 300 1 0.388882393442197
860 340 1 0.388882393442197
860 380 1 0.388882393442197
860 420 1 0.388882393442197
860 460 1 0.388882393442197
860 500 1 0.388882393442197
860 540 1 0.388882393442197
860 580 1 0.388882393442197
860 620 1 0.388882393442197
860 660 1 0.388882393442197
860 700 1 0.388882393442197
860 740 1 0.388882393442197
860 780 1 0.388882393442197
860 820 1 0.388882393442197
860 860 1 0.388882393442197
860 900 1 0.388882393442197
860 940 1 0.388882393442197
860 980 1 0.388882393442197
900 20 1 0.388882393442197
900 60 1 0.388882393442197
900 100 1 0.388882393442197
900 140 1 0.388882393442197
900 180 1 0.388882393442197
900 220 1 0.388882393442197
900 260 1 0.388882393442197
900 300 1 0.388882393442197
900 340 1 0.388882393442197
900 380 1 0.388882393442197
900 420 1 0.388882393442197
900 460 1 0.388882393442197
900 500 1 0.388882393442197
900 540 1 0.388882393442197
900 580 1 0.388882393442197
900 620 1 0.388882393442197
900 660 1 0.388882393442197
900 700 1 0.388882393442197
900 740 1 0.388882393442197
900 780 1 0.388882393442197
900 820 1 0.388882393442197
900 860 1 0.388882393442197
900 900 1 0.388882393442197
900 940 1 0.388882393442197
900 980 1 0.388882393442197
940 20 1 0.388882393442197
940 60 1 0.388882393442197
940 100 1 0.388882393442197
940 140 1 0.388882393442197
940 180 1 0.388882393442197
940 220 1 0.388882393442197
940 260 1 0.388882393442197
940 300 1 0.388882393442197
940 340 1 0.388882393442197
940 380 1 0.388882393442197
940 420 1 0.388882393442197
940 460 1 0.388882393442197
940 500 1 0.388882393442197
940 540 1 0.388882393442197
940 580 1 0.388882393442197
940 620 1 0.388882393442197
940 660 1 0.388882393442197
940 700 1 0.388882393442197
940 740 1 0.388882393442197
940 780 1 0.388882393442197
940 820 1 0.388882393442197
940 860 1 0.388882393442197
940 900 1 0.388882393442197
940 940 1 0.388882393442197
940 980 1 0.388882393442197
980 20 1 0.388882393442197
980 60 1 0.388882393442197
980 100 1 0.388882393442197
980 140 1 0.388882393442197
980 180 1 0.388882393442197
980 220 1 0.388882393442197
980 260 1 0.388882393442197
980 300 1 0.388882393442197
980 340 1 0.388882393442197
980 380 1 0.388882393442197
980 420 1 0.388882393442197
980 460 1 0.388882393442197
980 500 1 0.388882393442197
980 540 1 0.388882393442197
980 580 1 0.388882393442197
980 620 1 0.388882393442197
980 660 1 0.388882393442197
980 700 1 0.388882393442197
980 740 1 0.388882393442197
980 780 1 0.388882393442197
980 820 1 0.388882393442197
980 860 1 0.388882393442197
980 900 1 0.388882393442197
980 940 1 0.388882393442197
980 980 1 0.388882393442197
