35 22 1 0.388882393442197
94 60 1 0.388882393442197
99 11 1 0.388882393442197
38 23 1 0.388882393442197
12 75 1 0.388882393442197
55 10 1 0.388882393442197
78 30 1 0.388882393442197
73 10 1 0.388882393442197
23 86 1 0.388882393442197
84 86 1 0.388882393442197
41 39 1 0.388882393442197
72 88 1 0.388882393442197
32 23 1 0.388882393442197
21 16 1 0.388882393442197
98 74 1 0.388882393442197
0 67 1 0.388882393442197
59 30 1 0.388882393442197
92 33 1 0.388882393442197
98 23 1 0.388882393442197
79 92 1 0.388882393442197
71 16 1 0.388882393442197
93 5 1 0.388882393442197
95 11 1 0.388882393442197
5 70 1 0.388882393442197
72 70 1 0.388882393442197
84 75 1 0.388882393442197
36 16 1 0.388882393442197
70 41 1 0.388882393442197
96 77 1 0.388882393442197
31 80 1 0.388882393442197
25 66 1 0.388882393442197
95 88 1 0.388882393442197
66 27 1 0.388882393442197
9 3 1 0.388882393442197
84 10 1 0.388882393442197
33 42 1 0.388882393442197
33 47 1 0.388882393442197
97 44 1 0.388882393442197
49 51 1 0.388882393442197
34 67 1 0.388882393442197
15 33 1 0.388882393442197
57 91 1 0.388882393442197
78 33 1 0.388882393442197
73 11 1 0.388882393442197
91 54 1 0.388882393442197
0 42 1 0.388882393442197
11 77 1 0.388882393442197
2 44 1 0.388882393442197
79 42 1 0.388882393442197
25 49 1 0.388882393442197
7 12 1 0.388882393442197
21 78 1 0.388882393442197
46 92 1 0.388882393442197
17 93 1 0.388882393442197
12 7 1 0.388882393442197
50 16 1 0.388882393442197
51 31 1 0.388882393442197
43 21 1 0.388882393442197
96 68 1 0.388882393442197
14 74 1 0.388882393442197
86 67 1 0.388882393442197
82 63 1 0.388882393442197
77 29 1 0.388882393442197
28 29 1 0.388882393442197
33 12 1 0.388882393442197
99 30 1 0.388882393442197
40 82 1 0.388882393442197
76 70 1 0.388882393442197
80 33 1 0.388882393442197
59 75 1 0.388882393442197
89 42 1 0.388882393442197
73 42 1 0.388882393442197
50 42 1 0.388882393442197
28 47 1 0.388882393442197
2 66 1 0.388882393442197
39 66 1 0.388882393442197
43 12 1 0.388882393442197
26 60 1 0.388882393442197
33 30 1 0.388882393442197
93 55 1 0.388882393442197
45 83 1 0.388882393442197
59 75 1 0.388882393442197
0 87 1 0.388882393442197
34 27 1 0.388882393442197
44 51 1 0.388882393442197
26 64 1 0.388882393442197
31 86 1 0.388882393442197
44 45 1 0.388882393442197
21 94 1 0.388882393442197
30 33 1 0.388882393442197
17 60 1 0.388882393442197
7 45 1 0.388882393442197
24 51 1 0.388882393442197
21 99 1 0.388882393442197
42 36 1 0.388882393442197
26 46 1 0.388882393442197
28 36 1 0.388882393442197
48 7 1 0.388882393442197
19 98 1 0.388882393442197
67 47 1 0.388882393442197
97 5 1 0.388882393442197
34 63 1 0.388882393442197
25 41 1 0.388882393442197
99 91 1 0.388882393442197
89 0 1 0.388882393442197
85 23 1 0.388882393442197
88 2 1 0.388882393442197
33 67 1 0.388882393442197
44 33 1 0.388882393442197
52 16 1 0.388882393442197
75 52 1 0.388882393442197
45 53 1 0.388882393442197
71 33 1 0.388882393442197
16 39 1 0.388882393442197
22 96 1 0.388882393442197
11 35 1 0.388882393442197
83 62 1 0.388882393442197
81 36 1 0.388882393442197
66 16 1 0.388882393442197
69 39 1 0.388882393442197
20 86 1 0.388882393442197
3 35 1 0.388882393442197
65 75 1 0.388882393442197
45 78 1 0.388882393442197
57 19 1 0.388882393442197
37 59 1 0.388882393442197
78 44 1 0.388882393442197
63 46 1 0.388882393442197
38 20 1 0.388882393442197
43 62 1 0.388882393442197
45 25 1 0.388882393442197
30 81 1 0.388882393442197
86 58 1 0.388882393442197
12 11 1 0.388882393442197
76 14 1 0.388882393442197
74 91 1 0.388882393442197
36 77 1 0.388882393442197
18 13 1 0.388882393442197
63 16 1 0.388882393442197
58 95 1 0.388882393442197
28 86 1 0.388882393442197
47 0 1 0.388882393442197
87 87 1 0.388882393442197
37 56 1 0.388882393442197
99 5 1 0.388882393442197
25 81 1 0.388882393442197
81 72 1 0.388882393442197
12 97 1 0.388882393442197
0 8 1 0.388882393442197
55 47 1 0.388882393442197
86 96 1 0.388882393442197
69 66 1 0.388882393442197
50 98 1 0.388882393442197
26 46 1 0.388882393442197
33 98 1 0.388882393442197
68 66 1 0.388882393442197
61 18 1 0.388882393442197
29 0 1 0.388882393442197
79 90 1 0.388882393442197
56 80 1 0.388882393442197
8 31 1 0.388882393442197
20 56 1 0.388882393442197
1 43 1 0.388882393442197
30 58 1 0.388882393442197
92 63 1 0.388882393442197
78 98 1 0.388882393442197
85 97 1 0.388882393442197
64 50 1 0.388882393442197
87 16 1 0.388882393442197
50 55 1 0.388882393442197
81 24 1 0.388882393442197
0 60 1 0.388882393442197
34 48 1 0.388882393442197
63 35 1 0.388882393442197
7 25 1 0.388882393442197
41 98 1 0.388882393442197
6 59 1 0.388882393442197
83 91 1 0.388882393442197
28 31 1 0.388882393442197
87 92 1 0.388882393442197
52 36 1 0.388882393442197
58 82 1 0.388882393442197
88 0 1 0.388882393442197
21 49 1 0.388882393442197
23 42 1 0.388882393442197
46 15 1 0.388882393442197
34 50 1 0.388882393442197
58 52 1 0.388882393442197
71 30 1 0.388882393442197
28 93 1 0.388882393442197
72 87 1 0.388882393442197
72 30 1 0.388882393442197
24 90 1 0.388882393442197
49 66 1 0.388882393442197
54 99 1 0.388882393442197
41 59 1 0.388882393442197
32 35 1 0.388882393442197
61 28 1 0.388882393442197
3 79 1 0.388882393442197
57 51 1 0.388882393442197
