12 12 1 0.388882393442197
12 37 1 0.388882393442197
12 62 1 0.388882393442197
12 87 1 0.388882393442197
12 112 1 0.388882393442197
12 137 1 0.388882393442197
12 162 1 0.388882393442197
12 187 1 0.388882393442197
12 212 1 0.388882393442197
12 237 1 0.388882393442197
12 262 1 0.388882393442197
12 287 1 0.388882393442197
12 312 1 0.388882393442197
12 337 1 0.388882393442197
12 362 1 0.388882393442197
12 387 1 0.388882393442197
12 412 1 0.388882393442197
12 437 1 0.388882393442197
12 462 1 0.388882393442197
12 487 1 0.388882393442197
12 512 1 0.388882393442197
12 537 1 0.388882393442197
12 562 1 0.388882393442197
12 587 1 0.388882393442197
12 612 1 0.388882393442197
12 637 1 0.388882393442197
12 662 1 0.388882393442197
12 687 1 0.388882393442197
12 712 1 0.388882393442197
12 737 1 0.388882393442197
12 762 1 0.388882393442197
12 787 1 0.388882393442197
12 812 1 0.388882393442197
12 837 1 0.388882393442197
12 862 1 0.388882393442197
12 887 1 0.388882393442197
12 912 1 0.388882393442197
12 937 1 0.388882393442197
12 962 1 0.388882393442197
12 987 1 0.388882393442197
37 12 1 0.388882393442197
37 37 1 0.388882393442197
37 62 1 0.388882393442197
37 87 1 0.388882393442197
37 112 1 0.388882393442197
37 137 1 0.388882393442197
37 162 1 0.388882393442197
37 187 1 0.388882393442197
37 212 1 0.388882393442197
37 237 1 0.388882393442197
37 262 1 0.388882393442197
37 287 1 0.388882393442197
37 312 1 0.388882393442197
37 337 1 0.388882393442197
37 362 1 0.388882393442197
37 387 1 0.388882393442197
37 412 1 0.388882393442197
37 437 1 0.388882393442197
37 462 1 0.388882393442197
37 487 1 0.388882393442197
37 512 1 0.388882393442197
37 537 1 0.388882393442197
37 562 1 0.388882393442197
37 587 1 0.388882393442197
37 612 1 0.388882393442197
37 637 1 0.388882393442197
37 662 1 0.388882393442197
37 687 1 0.388882393442197
37 712 1 0.388882393442197
37 737 1 0.388882393442197
37 762 1 0.388882393442197
37 787 1 0.388882393442197
37 812 1 0.388882393442197
37 837 1 0.388882393442197
37 862 1 0.388882393442197
37 887 1 0.388882393442197
37 912 1 0.388882393442197
37 937 1 0.388882393442197
37 962 1 0.388882393442197
37 987 1 0.388882393442197
62 12 1 0.388882393442197
62 37 1 0.388882393442197
62 62 1 0.388882393442197
62 87 1 0.388882393442197
62 112 1 0.388882393442197
62 137 1 0.388882393442197
62 162 1 0.388882393442197
62 187 1 0.388882393442197
62 212 1 0.388882393442197
62 237 1 0.388882393442197
62 262 1 0.388882393442197
62 287 1 0.388882393442197
62 312 1 0.388882393442197
62 337 1 0.388882393442197
62 362 1 0.388882393442197
62 387 1 0.388882393442197
62 412 1 0.388882393442197
62 437 1 0.388882393442197
62 462 1 0.388882393442197
62 487 1 0.388882393442197
62 512 1 0.388882393442197
62 537 1 0.388882393442197
62 562 1 0.388882393442197
62 587 1 0.388882393442197
62 612 1 0.388882393442197
62 637 1 0.388882393442197
62 662 1 0.388882393442197
62 687 1 0.388882393442197
62 712 1 0.388882393442197
62 737 1 0.388882393442197
62 762 1 0.388882393442197
62 787 1 0.388882393442197
62 812 1 0.388882393442197
62 837 1 0.388882393442197
62 862 1 0.388882393442197
62 887 1 0.388882393442197
62 912 1 0.388882393442197
62 937 1 0.388882393442197
62 962 1 0.388882393442197
62 987 1 0.388882393442197
87 12 1 0.388882393442197
87 37 1 0.388882393442197
87 62 1 0.388882393442197
87 87 1 0.388882393442197
87 112 1 0.388882393442197
87 137 1 0.388882393442197
87 162 1 0.388882393442197
87 187 1 0.388882393442197
87 212 1 0.388882393442197
87 237 1 0.388882393442197
87 262 1 0.388882393442197
87 287 1 0.388882393442197
87 312 1 0.388882393442197
87 337 1 0.388882393442197
87 362 1 0.388882393442197
87 387 1 0.388882393442197
87 412 1 0.388882393442197
87 437 1 0.388882393442197
87 462 1 0.388882393442197
87 487 1 0.388882393442197
87 512 1 0.388882393442197
87 537 1 0.388882393442197
87 562 1 0.388882393442197
87 587 1 0.388882393442197
87 612 1 0.388882393442197
87 637 1 0.388882393442197
87 662 1 0.388882393442197
87 687 1 0.388882393442197
87 712 1 0.388882393442197
87 737 1 0.388882393442197
87 762 1 0.388882393442197
87 787 1 0.388882393442197
87 812 1 0.388882393442197
87 837 1 0.388882393442197
87 862 1 0.388882393442197
87 887 1 0.388882393442197
87 912 1 0.388882393442197
87 937 1 0.388882393442197
87 962 1 0.388882393442197
87 987 1 0.388882393442197
112 12 1 0.388882393442197
112 37 1 0.388882393442197
112 62 1 0.388882393442197
112 87 1 0.388882393442197
112 112 1 0.388882393442197
112 137 1 0.388882393442197
112 162 1 0.388882393442197
112 187 1 0.388882393442197
112 212 1 0.388882393442197
112 237 1 0.388882393442197
112 262 1 0.388882393442197
112 287 1 0.388882393442197
112 312 1 0.388882393442197
112 337 1 0.388882393442197
112 362 1 0.388882393442197
112 387 1 0.388882393442197
112 412 1 0.388882393442197
112 437 1 0.388882393442197
112 462 1 0.388882393442197
112 487 1 0.388882393442197
112 512 1 0.388882393442197
112 537 1 0.388882393442197
112 562 1 0.388882393442197
112 587 1 0.388882393442197
112 612 1 0.388882393442197
112 637 1 0.388882393442197
112 662 1 0.388882393442197
112 687 1 0.388882393442197
112 712 1 0.388882393442197
112 737 1 0.388882393442197
112 762 1 0.388882393442197
112 787 1 0.388882393442197
112 812 1 0.388882393442197
112 837 1 0.388882393442197
112 862 1 0.388882393442197
112 887 1 0.388882393442197
112 912 1 0.388882393442197
112 937 1 0.388882393442197
112 962 1 0.388882393442197
112 987 1 0.388882393442197
137 12 1 0.388882393442197
137 37 1 0.388882393442197
137 62 1 0.388882393442197
137 87 1 0.388882393442197
137 112 1 0.388882393442197
137 137 1 0.388882393442197
137 162 1 0.388882393442197
137 187 1 0.388882393442197
137 212 1 0.388882393442197
137 237 1 0.388882393442197
137 262 1 0.388882393442197
137 287 1 0.388882393442197
137 312 1 0.388882393442197
137 337 1 0.388882393442197
137 362 1 0.388882393442197
137 387 1 0.388882393442197
137 412 1 0.388882393442197
137 437 1 0.388882393442197
137 462 1 0.388882393442197
137 487 1 0.388882393442197
137 512 1 0.388882393442197
137 537 1 0.388882393442197
137 562 1 0.388882393442197
137 587 1 0.388882393442197
137 612 1 0.388882393442197
137 637 1 0.388882393442197
137 662 1 0.388882393442197
137 687 1 0.388882393442197
137 712 1 0.388882393442197
137 737 1 0.388882393442197
137 762 1 0.388882393442197
137 787 1 0.388882393442197
137 812 1 0.388882393442197
137 837 1 0.388882393442197
137 862 1 0.388882393442197
137 887 1 0.388882393442197
137 912 1 0.388882393442197
137 937 1 0.388882393442197
137 962 1 0.388882393442197
137 987 1 0.388882393442197
162 12 1 0.388882393442197
162 37 1 0.388882393442197
162 62 1 0.388882393442197
162 87 1 0.388882393442197
162 112 1 0.388882393442197
162 137 1 0.388882393442197
162 162 1 0.388882393442197
162 187 1 0.388882393442197
162 212 1 0.388882393442197
162 237 1 0.388882393442197
162 262 1 0.388882393442197
162 287 1 0.388882393442197
162 312 1 0.388882393442197
162 337 1 0.388882393442197
162 362 1 0.388882393442197
162 387 1 0.388882393442197
162 412 1 0.388882393442197
162 437 1 0.388882393442197
162 462 1 0.388882393442197
162 487 1 0.388882393442197
162 512 1 0.388882393442197
162 537 1 0.388882393442197
162 562 1 0.388882393442197
162 587 1 0.388882393442197
162 612 1 0.388882393442197
162 637 1 0.388882393442197
162 662 1 0.388882393442197
162 687 1 0.388882393442197
162 712 1 0.388882393442197
162 737 1 0.388882393442197
162 762 1 0.388882393442197
162 787 1 0.388882393442197
162 812 1 0.388882393442197
162 837 1 0.388882393442197
162 862 1 0.388882393442197
162 887 1 0.388882393442197
162 912 1 0.388882393442197
162 937 1 0.388882393442197
162 962 1 0.388882393442197
162 987 1 0.388882393442197
187 12 1 0.388882393442197
187 37 1 0.388882393442197
187 62 1 0.388882393442197
187 87 1 0.388882393442197
187 112 1 0.388882393442197
187 137 1 0.388882393442197
187 162 1 0.388882393442197
187 187 1 0.388882393442197
187 212 1 0.388882393442197
187 237 1 0.388882393442197
187 262 1 0.388882393442197
187 287 1 0.388882393442197
187 312 1 0.388882393442197
187 337 1 0.388882393442197
187 362 1 0.388882393442197
187 387 1 0.388882393442197
187 412 1 0.388882393442197
187 437 1 0.388882393442197
187 462 1 0.388882393442197
187 487 1 0.388882393442197
187 512 1 0.388882393442197
187 537 1 0.388882393442197
187 562 1 0.388882393442197
187 587 1 0.388882393442197
187 612 1 0.388882393442197
187 637 1 0.388882393442197
187 662 1 0.388882393442197
187 687 1 0.388882393442197
187 712 1 0.388882393442197
187 737 1 0.388882393442197
187 762 1 0.388882393442197
187 787 1 0.388882393442197
187 812 1 0.388882393442197
187 837 1 0.388882393442197
187 862 1 0.388882393442197
187 887 1 0.388882393442197
187 912 1 0.388882393442197
187 937 1 0.388882393442197
187 962 1 0.388882393442197
187 987 1 0.388882393442197
212 12 1 0.388882393442197
212 37 1 0.388882393442197
212 62 1 0.388882393442197
212 87 1 0.388882393442197
212 112 1 0.388882393442197
212 137 1 0.388882393442197
212 162 1 0.388882393442197
212 187 1 0.388882393442197
212 212 1 0.388882393442197
212 237 1 0.388882393442197
212 262 1 0.388882393442197
212 287 1 0.388882393442197
212 312 1 0.388882393442197
212 337 1 0.388882393442197
212 362 1 0.388882393442197
212 387 1 0.388882393442197
212 412 1 0.388882393442197
212 437 1 0.388882393442197
212 462 1 0.388882393442197
212 487 1 0.388882393442197
212 512 1 0.388882393442197
212 537 1 0.388882393442197
212 562 1 0.388882393442197
212 587 1 0.388882393442197
212 612 1 0.388882393442197
212 637 1 0.388882393442197
212 662 1 0.388882393442197
212 687 1 0.388882393442197
212 712 1 0.388882393442197
212 737 1 0.388882393442197
212 762 1 0.388882393442197
212 787 1 0.388882393442197
212 812 1 0.388882393442197
212 837 1 0.388882393442197
212 862 1 0.388882393442197
212 887 1 0.388882393442197
212 912 1 0.388882393442197
212 937 1 0.388882393442197
212 962 1 0.388882393442197
212 987 1 0.388882393442197
237 12 1 0.388882393442197
237 37 1 0.388882393442197
237 62 1 0.388882393442197
237 87 1 0.388882393442197
237 112 1 0.388882393442197
237 137 1 0.388882393442197
237 162 1 0.388882393442197
237 187 1 0.388882393442197
237 212 1 0.388882393442197
237 237 1 0.388882393442197
237 262 1 0.388882393442197
237 287 1 0.388882393442197
237 312 1 0.388882393442197
237 337 1 0.388882393442197
237 362 1 0.388882393442197
237 387 1 0.388882393442197
237 412 1 0.388882393442197
237 437 1 0.388882393442197
237 462 1 0.388882393442197
237 487 1 0.388882393442197
237 512 1 0.388882393442197
237 537 1 0.388882393442197
237 562 1 0.388882393442197
237 587 1 0.388882393442197
237 612 1 0.388882393442197
237 637 1 0.388882393442197
237 662 1 0.388882393442197
237 687 1 0.388882393442197
237 712 1 0.388882393442197
237 737 1 0.388882393442197
237 762 1 0.388882393442197
237 787 1 0.388882393442197
237 812 1 0.388882393442197
237 837 1 0.388882393442197
237 862 1 0.388882393442197
237 887 1 0.388882393442197
237 912 1 0.388882393442197
237 937 1 0.388882393442197
237 962 1 0.388882393442197
237 987 1 0.388882393442197
262 12 1 0.388882393442197
262 37 1 0.388882393442197
262 62 1 0.388882393442197
262 87 1 0.388882393442197
262 112 1 0.388882393442197
262 137 1 0.388882393442197
262 162 1 0.388882393442197
262 187 1 0.388882393442197
262 212 1 0.388882393442197
262 237 1 0.388882393442197
262 262 1 0.388882393442197
262 287 1 0.388882393442197
262 312 1 0.388882393442197
262 337 1 0.388882393442197
262 362 1 0.388882393442197
262 387 1 0.388882393442197
262 412 1 0.388882393442197
262 437 1 0.388882393442197
262 462 1 0.388882393442197
262 487 1 0.388882393442197
262 512 1 0.388882393442197
262 537 1 0.388882393442197
262 562 1 0.388882393442197
262 587 1 0.388882393442197
262 612 1 0.388882393442197
262 637 1 0.388882393442197
262 662 1 0.388882393442197
262 687 1 0.388882393442197
262 712 1 0.388882393442197
262 737 1 0.388882393442197
262 762 1 0.388882393442197
262 787 1 0.388882393442197
262 812 1 0.388882393442197
262 837 1 0.388882393442197
262 862 1 0.388882393442197
262 887 1 0.388882393442197
262 912 1 0.388882393442197
262 937 1 0.388882393442197
262 962 1 0.388882393442197
262 987 1 0.388882393442197
287 12 1 0.388882393442197
287 37 1 0.388882393442197
287 62 1 0.388882393442197
287 87 1 0.388882393442197
287 112 1 0.388882393442197
287 137 1 0.388882393442197
287 162 1 0.388882393442197
287 187 1 0.388882393442197
287 212 1 0.388882393442197
287 237 1 0.388882393442197
287 262 1 0.388882393442197
287 287 1 0.388882393442197
287 312 1 0.388882393442197
287 337 1 0.388882393442197
287 362 1 0.388882393442197
287 387 1 0.388882393442197
287 412 1 0.388882393442197
287 437 1 0.388882393442197
287 462 1 0.388882393442197
287 487 1 0.388882393442197
287 512 1 0.388882393442197
287 537 1 0.388882393442197
287 562 1 0.388882393442197
287 587 1 0.388882393442197
287 612 1 0.388882393442197
287 637 1 0.388882393442197
287 662 1 0.388882393442197
287 687 1 0.388882393442197
287 712 1 0.388882393442197
287 737 1 0.388882393442197
287 762 1 0.388882393442197
287 787 1 0.388882393442197
287 812 1 0.388882393442197
287 837 1 0.388882393442197
287 862 1 0.388882393442197
287 887 1 0.388882393442197
287 912 1 0.388882393442197
287 937 1 0.388882393442197
287 962 1 0.388882393442197
287 987 1 0.388882393442197
312 12 1 0.388882393442197
312 37 1 0.388882393442197
312 62 1 0.388882393442197
312 87 1 0.388882393442197
312 112 1 0.388882393442197
312 137 1 0.388882393442197
312 162 1 0.388882393442197
312 187 1 0.388882393442197
312 212 1 0.388882393442197
312 237 1 0.388882393442197
312 262 1 0.388882393442197
312 287 1 0.388882393442197
312 312 1 0.388882393442197
312 337 1 0.388882393442197
312 362 1 0.388882393442197
312 387 1 0.388882393442197
312 412 1 0.388882393442197
312 437 1 0.388882393442197
312 462 1 0.388882393442197
312 487 1 0.388882393442197
312 512 1 0.388882393442197
312 537 1 0.388882393442197
312 562 1 0.388882393442197
312 587 1 0.388882393442197
312 612 1 0.388882393442197
312 637 1 0.388882393442197
312 662 1 0.388882393442197
312 687 1 0.388882393442197
312 712 1 0.388882393442197
312 737 1 0.388882393442197
312 762 1 0.388882393442197
312 787 1 0.388882393442197
312 812 1 0.388882393442197
312 837 1 0.388882393442197
312 862 1 0.388882393442197
312 887 1 0.388882393442197
312 912 1 0.388882393442197
312 937 1 0.388882393442197
312 962 1 0.388882393442197
312 987 1 0.388882393442197
337 12 1 0.388882393442197
337 37 1 0.388882393442197
337 62 1 0.388882393442197
337 87 1 0.388882393442197
337 112 1 0.388882393442197
337 137 1 0.388882393442197
337 162 1 0.388882393442197
337 187 1 0.388882393442197
337 212 1 0.388882393442197
337 237 1 0.388882393442197
337 262 1 0.388882393442197
337 287 1 0.388882393442197
337 312 1 0.388882393442197
337 337 1 0.388882393442197
337 362 1 0.388882393442197
337 387 1 0.388882393442197
337 412 1 0.388882393442197
337 437 1 0.388882393442197
337 462 1 0.388882393442197
337 487 1 0.388882393442197
337 512 1 0.388882393442197
337 537 1 0.388882393442197
337 562 1 0.388882393442197
337 587 1 0.388882393442197
337 612 1 0.388882393442197
337 637 1 0.388882393442197
337 662 1 0.388882393442197
337 687 1 0.388882393442197
337 712 1 0.388882393442197
337 737 1 0.388882393442197
337 762 1 0.388882393442197
337 787 1 0.388882393442197
337 812 1 0.388882393442197
337 837 1 0.388882393442197
337 862 1 0.388882393442197
337 887 1 0.388882393442197
337 912 1 0.388882393442197
337 937 1 0.388882393442197
337 962 1 0.388882393442197
337 987 1 0.388882393442197
362 12 1 0.388882393442197
362 37 1 0.388882393442197
362 62 1 0.388882393442197
362 87 1 0.388882393442197
362 112 1 0.388882393442197
362 137 1 0.388882393442197
362 162 1 0.388882393442197
362 187 1 0.388882393442197
362 212 1 0.388882393442197
362 237 1 0.388882393442197
362 262 1 0.388882393442197
362 287 1 0.388882393442197
362 312 1 0.388882393442197
362 337 1 0.388882393442197
362 362 1 0.388882393442197
362 387 1 0.388882393442197
362 412 1 0.388882393442197
362 437 1 0.388882393442197
362 462 1 0.388882393442197
362 487 1 0.388882393442197
362 512 1 0.388882393442197
362 537 1 0.388882393442197
362 562 1 0.388882393442197
362 587 1 0.388882393442197
362 612 1 0.388882393442197
362 637 1 0.388882393442197
362 662 1 0.388882393442197
362 687 1 0.388882393442197
362 712 1 0.388882393442197
362 737 1 0.388882393442197
362 762 1 0.388882393442197
362 787 1 0.388882393442197
362 812 1 0.388882393442197
362 837 1 0.388882393442197
362 862 1 0.388882393442197
362 887 1 0.388882393442197
362 912 1 0.388882393442197
362 937 1 0.388882393442197
362 962 1 0.388882393442197
362 987 1 0.388882393442197
387 12 1 0.388882393442197
387 37 1 0.388882393442197
387 62 1 0.388882393442197
387 87 1 0.388882393442197
387 112 1 0.388882393442197
387 137 1 0.388882393442197
387 162 1 0.388882393442197
387 187 1 0.388882393442197
387 212 1 0.388882393442197
387 237 1 0.388882393442197
387 262 1 0.388882393442197
387 287 1 0.388882393442197
387 312 1 0.388882393442197
387 337 1 0.388882393442197
387 362 1 0.388882393442197
387 387 1 0.388882393442197
387 412 1 0.388882393442197
387 437 1 0.388882393442197
387 462 1 0.388882393442197
387 487 1 0.388882393442197
387 512 1 0.388882393442197
387 537 1 0.388882393442197
387 562 1 0.388882393442197
387 587 1 0.388882393442197
387 612 1 0.388882393442197
387 637 1 0.388882393442197
387 662 1 0.388882393442197
387 687 1 0.388882393442197
387 712 1 0.388882393442197
387 737 1 0.388882393442197
387 762 1 0.388882393442197
387 787 1 0.388882393442197
387 812 1 0.388882393442197
387 837 1 0.388882393442197
387 862 1 0.388882393442197
387 887 1 0.388882393442197
387 912 1 0.388882393442197
387 937 1 0.388882393442197
387 962 1 0.388882393442197
387 987 1 0.388882393442197
412 12 1 0.388882393442197
412 37 1 0.388882393442197
412 62 1 0.388882393442197
412 87 1 0.388882393442197
412 112 1 0.388882393442197
412 137 1 0.388882393442197
412 162 1 0.388882393442197
412 187 1 0.388882393442197
412 212 1 0.388882393442197
412 237 1 0.388882393442197
412 262 1 0.388882393442197
412 287 1 0.388882393442197
412 312 1 0.388882393442197
412 337 1 0.388882393442197
412 362 1 0.388882393442197
412 387 1 0.388882393442197
412 412 1 0.388882393442197
412 437 1 0.388882393442197
412 462 1 0.388882393442197
412 487 1 0.388882393442197
412 512 1 0.388882393442197
412 537 1 0.388882393442197
412 562 1 0.388882393442197
412 587 1 0.388882393442197
412 612 1 0.388882393442197
412 637 1 0.388882393442197
412 662 1 0.388882393442197
412 687 1 0.388882393442197
412 712 1 0.388882393442197
412 737 1 0.388882393442197
412 762 1 0.388882393442197
412 787 1 0.388882393442197
412 812 1 0.388882393442197
412 837 1 0.388882393442197
412 862 1 0.388882393442197
412 887 1 0.388882393442197
412 912 1 0.388882393442197
412 937 1 0.388882393442197
412 962 1 0.388882393442197
412 987 1 0.388882393442197
437 12 1 0.388882393442197
437 37 1 0.388882393442197
437 62 1 0.388882393442197
437 87 1 0.388882393442197
437 112 1 0.388882393442197
437 137 1 0.388882393442197
437 162 1 0.388882393442197
437 187 1 0.388882393442197
437 212 1 0.388882393442197
437 237 1 0.388882393442197
437 262 1 0.388882393442197
437 287 1 0.388882393442197
437 312 1 0.388882393442197
437 337 1 0.388882393442197
437 362 1 0.388882393442197
437 387 1 0.388882393442197
437 412 1 0.388882393442197
437 437 1 0.388882393442197
437 462 1 0.388882393442197
437 487 1 0.388882393442197
437 512 1 0.388882393442197
437 537 1 0.388882393442197
437 562 1 0.388882393442197
437 587 1 0.388882393442197
437 612 1 0.388882393442197
437 637 1 0.388882393442197
437 662 1 0.388882393442197
437 687 1 0.388882393442197
437 712 1 0.388882393442197
437 737 1 0.388882393442197
437 762 1 0.388882393442197
437 787 1 0.388882393442197
437 812 1 0.388882393442197
437 837 1 0.388882393442197
437 862 1 0.388882393442197
437 887 1 0.388882393442197
437 912 1 0.388882393442197
437 937 1 0.388882393442197
437 962 1 0.388882393442197
437 987 1 0.388882393442197
462 12 1 0.388882393442197
462 37 1 0.388882393442197
462 62 1 0.388882393442197
462 87 1 0.388882393442197
462 112 1 0.388882393442197
462 137 1 0.388882393442197
462 162 1 0.388882393442197
462 187 1 0.388882393442197
462 212 1 0.388882393442197
462 237 1 0.388882393442197
462 262 1 0.388882393442197
462 287 1 0.388882393442197
462 312 1 0.388882393442197
462 337 1 0.388882393442197
462 362 1 0.388882393442197
462 387 1 0.388882393442197
462 412 1 0.388882393442197
462 437 1 0.388882393442197
462 462 1 0.388882393442197
462 487 1 0.388882393442197
462 512 1 0.388882393442197
462 537 1 0.388882393442197
462 562 1 0.388882393442197
462 587 1 0.388882393442197
462 612 1 0.388882393442197
462 637 1 0.388882393442197
462 662 1 0.388882393442197
462 687 1 0.388882393442197
462 712 1 0.388882393442197
462 737 1 0.388882393442197
462 762 1 0.388882393442197
462 787 1 0.388882393442197
462 812 1 0.388882393442197
462 837 1 0.388882393442197
462 862 1 0.388882393442197
462 887 1 0.388882393442197
462 912 1 0.388882393442197
462 937 1 0.388882393442197
462 962 1 0.388882393442197
462 987 1 0.388882393442197
487 12 1 0.388882393442197
487 37 1 0.388882393442197
487 62 1 0.388882393442197
487 87 1 0.388882393442197
487 112 1 0.388882393442197
487 137 1 0.388882393442197
487 162 1 0.388882393442197
487 187 1 0.388882393442197
487 212 1 0.388882393442197
487 237 1 0.388882393442197
487 262 1 0.388882393442197
487 287 1 0.388882393442197
487 312 1 0.388882393442197
487 337 1 0.388882393442197
487 362 1 0.388882393442197
487 387 1 0.388882393442197
487 412 1 0.388882393442197
487 437 1 0.388882393442197
487 462 1 0.388882393442197
487 487 1 0.388882393442197
487 512 1 0.388882393442197
487 537 1 0.388882393442197
487 562 1 0.388882393442197
487 587 1 0.388882393442197
487 612 1 0.388882393442197
487 637 1 0.388882393442197
487 662 1 0.388882393442197
487 687 1 0.388882393442197
487 712 1 0.388882393442197
487 737 1 0.388882393442197
487 762 1 0.388882393442197
487 787 1 0.388882393442197
487 812 1 0.388882393442197
487 837 1 0.388882393442197
487 862 1 0.388882393442197
487 887 1 0.388882393442197
487 912 1 0.388882393442197
487 937 1 0.388882393442197
487 962 1 0.388882393442197
487 987 1 0.388882393442197
512 12 1 0.388882393442197
512 37 1 0.388882393442197
512 62 1 0.388882393442197
512 87 1 0.388882393442197
512 112 1 0.388882393442197
512 137 1 0.388882393442197
512 162 1 0.388882393442197
512 187 1 0.388882393442197
512 212 1 0.388882393442197
512 237 1 0.388882393442197
512 262 1 0.388882393442197
512 287 1 0.388882393442197
512 312 1 0.388882393442197
512 337 1 0.388882393442197
512 362 1 0.388882393442197
512 387 1 0.388882393442197
512 412 1 0.388882393442197
512 437 1 0.388882393442197
512 462 1 0.388882393442197
512 487 1 0.388882393442197
512 512 1 0.388882393442197
512 537 1 0.388882393442197
512 562 1 0.388882393442197
512 587 1 0.388882393442197
512 612 1 0.388882393442197
512 637 1 0.388882393442197
512 662 1 0.388882393442197
512 687 1 0.388882393442197
512 712 1 0.388882393442197
512 737 1 0.388882393442197
512 762 1 0.388882393442197
512 787 1 0.388882393442197
512 812 1 0.388882393442197
512 837 1 0.388882393442197
512 862 1 0.388882393442197
512 887 1 0.388882393442197
512 912 1 0.388882393442197
512 937 1 0.388882393442197
512 962 1 0.388882393442197
512 987 1 0.388882393442197
537 12 1 0.388882393442197
537 37 1 0.388882393442197
537 62 1 0.388882393442197
537 87 1 0.388882393442197
537 112 1 0.388882393442197
537 137 1 0.388882393442197
537 162 1 0.388882393442197
537 187 1 0.388882393442197
537 212 1 0.388882393442197
537 237 1 0.388882393442197
537 262 1 0.388882393442197
537 287 1 0.388882393442197
537 312 1 0.388882393442197
537 337 1 0.388882393442197
537 362 1 0.388882393442197
537 387 1 0.388882393442197
537 412 1 0.388882393442197
537 437 1 0.388882393442197
537 462 1 0.388882393442197
537 487 1 0.388882393442197
537 512 1 0.388882393442197
537 537 1 0.388882393442197
537 562 1 0.388882393442197
537 587 1 0.388882393442197
537 612 1 0.388882393442197
537 637 1 0.388882393442197
537 662 1 0.388882393442197
537 687 1 0.388882393442197
537 712 1 0.388882393442197
537 737 1 0.388882393442197
537 762 1 0.388882393442197
537 787 1 0.388882393442197
537 812 1 0.388882393442197
537 837 1 0.388882393442197
537 862 1 0.388882393442197
537 887 1 0.388882393442197
537 912 1 0.388882393442197
537 937 1 0.388882393442197
537 962 1 0.388882393442197
537 987 1 0.388882393442197
562 12 1 0.388882393442197
562 37 1 0.388882393442197
562 62 1 0.388882393442197
562 87 1 0.388882393442197
562 112 1 0.388882393442197
562 137 1 0.388882393442197
562 162 1 0.388882393442197
562 187 1 0.388882393442197
562 212 1 0.388882393442197
562 237 1 0.388882393442197
562 262 1 0.388882393442197
562 287 1 0.388882393442197
562 312 1 0.388882393442197
562 337 1 0.388882393442197
562 362 1 0.388882393442197
562 387 1 0.388882393442197
562 412 1 0.388882393442197
562 437 1 0.388882393442197
562 462 1 0.388882393442197
562 487 1 0.388882393442197
562 512 1 0.388882393442197
562 537 1 0.388882393442197
562 562 1 0.388882393442197
562 587 1 0.388882393442197
562 612 1 0.388882393442197
562 637 1 0.388882393442197
562 662 1 0.388882393442197
562 687 1 0.388882393442197
562 712 1 0.388882393442197
562 737 1 0.388882393442197
562 762 1 0.388882393442197
562 787 1 0.388882393442197
562 812 1 0.388882393442197
562 837 1 0.388882393442197
562 862 1 0.388882393442197
562 887 1 0.388882393442197
562 912 1 0.388882393442197
562 937 1 0.388882393442197
562 962 1 0.388882393442197
562 987 1 0.388882393442197
587 12 1 0.388882393442197
587 37 1 0.388882393442197
587 62 1 0.388882393442197
587 87 1 0.388882393442197
587 112 1 0.388882393442197
587 137 1 0.388882393442197
587 162 1 0.388882393442197
587 187 1 0.388882393442197
587 212 1 0.388882393442197
587 237 1 0.388882393442197
587 262 1 0.388882393442197
587 287 1 0.388882393442197
587 312 1 0.388882393442197
587 337 1 0.388882393442197
587 362 1 0.388882393442197
587 387 1 0.388882393442197
587 412 1 0.388882393442197
587 437 1 0.388882393442197
587 462 1 0.388882393442197
587 487 1 0.388882393442197
587 512 1 0.388882393442197
587 537 1 0.388882393442197
587 562 1 0.388882393442197
587 587 1 0.388882393442197
587 612 1 0.388882393442197
587 637 1 0.388882393442197
587 662 1 0.388882393442197
587 687 1 0.388882393442197
587 712 1 0.388882393442197
587 737 1 0.388882393442197
587 762 1 0.388882393442197
587 787 1 0.388882393442197
587 812 1 0.388882393442197
587 837 1 0.388882393442197
587 862 1 0.388882393442197
587 887 1 0.388882393442197
587 912 1 0.388882393442197
587 937 1 0.388882393442197
587 962 1 0.388882393442197
587 987 1 0.388882393442197
612 12 1 0.388882393442197
612 37 1 0.388882393442197
612 62 1 0.388882393442197
612 87 1 0.388882393442197
612 112 1 0.388882393442197
612 137 1 0.388882393442197
612 162 1 0.388882393442197
612 187 1 0.388882393442197
612 212 1 0.388882393442197
612 237 1 0.388882393442197
612 262 1 0.388882393442197
612 287 1 0.388882393442197
612 312 1 0.388882393442197
612 337 1 0.388882393442197
612 362 1 0.388882393442197
612 387 1 0.388882393442197
612 412 1 0.388882393442197
612 437 1 0.388882393442197
612 462 1 0.388882393442197
612 487 1 0.388882393442197
612 512 1 0.388882393442197
612 537 1 0.388882393442197
612 562 1 0.388882393442197
612 587 1 0.388882393442197
612 612 1 0.388882393442197
612 637 1 0.388882393442197
612 662 1 0.388882393442197
612 687 1 0.388882393442197
612 712 1 0.388882393442197
612 737 1 0.388882393442197
612 762 1 0.388882393442197
612 787 1 0.388882393442197
612 812 1 0.388882393442197
612 837 1 0.388882393442197
612 862 1 0.388882393442197
612 887 1 0.388882393442197
612 912 1 0.388882393442197
612 937 1 0.388882393442197
612 962 1 0.388882393442197
612 987 1 0.388882393442197
637 12 1 0.388882393442197
637 37 1 0.388882393442197
637 62 1 0.388882393442197
637 87 1 0.388882393442197
637 112 1 0.388882393442197
637 137 1 0.388882393442197
637 162 1 0.388882393442197
637 187 1 0.388882393442197
637 212 1 0.388882393442197
637 237 1 0.388882393442197
637 262 1 0.388882393442197
637 287 1 0.388882393442197
637 312 1 0.388882393442197
637 337 1 0.388882393442197
637 362 1 0.388882393442197
637 387 1 0.388882393442197
637 412 1 0.388882393442197
637 437 1 0.388882393442197
637 462 1 0.388882393442197
637 487 1 0.388882393442197
637 512 1 0.388882393442197
637 537 1 0.388882393442197
637 562 1 0.388882393442197
637 587 1 0.388882393442197
637 612 1 0.388882393442197
637 637 1 0.388882393442197
637 662 1 0.388882393442197
637 687 1 0.388882393442197
637 712 1 0.388882393442197
637 737 1 0.388882393442197
637 762 1 0.388882393442197
637 787 1 0.388882393442197
637 812 1 0.388882393442197
637 837 1 0.388882393442197
637 862 1 0.388882393442197
637 887 1 0.388882393442197
637 912 1 0.388882393442197
637 937 1 0.388882393442197
637 962 1 0.388882393442197
637 987 1 0.388882393442197
662 12 1 0.388882393442197
662 37 1 0.388882393442197
662 62 1 0.388882393442197
662 87 1 0.388882393442197
662 112 1 0.388882393442197
662 137 1 0.388882393442197
662 162 1 0.388882393442197
662 187 1 0.388882393442197
662 212 1 0.388882393442197
662 237 1 0.388882393442197
662 262 1 0.388882393442197
662 287 1 0.388882393442197
662 312 1 0.388882393442197
662 337 1 0.388882393442197
662 362 1 0.388882393442197
662 387 1 0.388882393442197
662 412 1 0.388882393442197
662 437 1 0.388882393442197
662 462 1 0.388882393442197
662 487 1 0.388882393442197
662 512 1 0.388882393442197
662 537 1 0.388882393442197
662 562 1 0.388882393442197
662 587 1 0.388882393442197
662 612 1 0.388882393442197
662 637 1 0.388882393442197
662 662 1 0.388882393442197
662 687 1 0.388882393442197
662 712 1 0.388882393442197
662 737 1 0.388882393442197
662 762 1 0.388882393442197
662 787 1 0.388882393442197
662 812 1 0.388882393442197
662 837 1 0.388882393442197
662 862 1 0.388882393442197
662 887 1 0.388882393442197
662 912 1 0.388882393442197
662 937 1 0.388882393442197
662 962 1 0.388882393442197
662 987 1 0.388882393442197
687 12 1 0.388882393442197
687 37 1 0.388882393442197
687 62 1 0.388882393442197
687 87 1 0.388882393442197
687 112 1 0.388882393442197
687 137 1 0.388882393442197
687 162 1 0.388882393442197
687 187 1 0.388882393442197
687 212 1 0.388882393442197
687 237 1 0.388882393442197
687 262 1 0.388882393442197
687 287 1 0.388882393442197
687 312 1 0.388882393442197
687 337 1 0.388882393442197
687 362 1 0.388882393442197
687 387 1 0.388882393442197
687 412 1 0.388882393442197
687 437 1 0.388882393442197
687 462 1 0.388882393442197
687 487 1 0.388882393442197
687 512 1 0.388882393442197
687 537 1 0.388882393442197
687 562 1 0.388882393442197
687 587 1 0.388882393442197
687 612 1 0.388882393442197
687 637 1 0.388882393442197
687 662 1 0.388882393442197
687 687 1 0.388882393442197
687 712 1 0.388882393442197
687 737 1 0.388882393442197
687 762 1 0.388882393442197
687 787 1 0.388882393442197
687 812 1 0.388882393442197
687 837 1 0.388882393442197
687 862 1 0.388882393442197
687 887 1 0.388882393442197
687 912 1 0.388882393442197
687 937 1 0.388882393442197
687 962 1 0.388882393442197
687 987 1 0.388882393442197
712 12 1 0.388882393442197
712 37 1 0.388882393442197
712 62 1 0.388882393442197
712 87 1 0.388882393442197
712 112 1 0.388882393442197
712 137 1 0.388882393442197
712 162 1 0.388882393442197
712 187 1 0.388882393442197
712 212 1 0.388882393442197
712 237 1 0.388882393442197
712 262 1 0.388882393442197
712 287 1 0.388882393442197
712 312 1 0.388882393442197
712 337 1 0.388882393442197
712 362 1 0.388882393442197
712 387 1 0.388882393442197
712 412 1 0.388882393442197
712 437 1 0.388882393442197
712 462 1 0.388882393442197
712 487 1 0.388882393442197
712 512 1 0.388882393442197
712 537 1 0.388882393442197
712 562 1 0.388882393442197
712 587 1 0.388882393442197
712 612 1 0.388882393442197
712 637 1 0.388882393442197
712 662 1 0.388882393442197
712 687 1 0.388882393442197
712 712 1 0.388882393442197
712 737 1 0.388882393442197
712 762 1 0.388882393442197
712 787 1 0.388882393442197
712 812 1 0.388882393442197
712 837 1 0.388882393442197
712 862 1 0.388882393442197
712 887 1 0.388882393442197
712 912 1 0.388882393442197
712 937 1 0.388882393442197
712 962 1 0.388882393442197
712 987 1 0.388882393442197
737 12 1 0.388882393442197
737 37 1 0.388882393442197
737 62 1 0.388882393442197
737 87 1 0.388882393442197
737 112 1 0.388882393442197
737 137 1 0.388882393442197
737 162 1 0.388882393442197
737 187 1 0.388882393442197
737 212 1 0.388882393442197
737 237 1 0.388882393442197
737 262 1 0.388882393442197
737 287 1 0.388882393442197
737 312 1 0.388882393442197
737 337 1 0.388882393442197
737 362 1 0.388882393442197
737 387 1 0.388882393442197
737 412 1 0.388882393442197
737 437 1 0.388882393442197
737 462 1 0.388882393442197
737 487 1 0.388882393442197
737 512 1 0.388882393442197
737 537 1 0.388882393442197
737 562 1 0.388882393442197
737 587 1 0.388882393442197
737 612 1 0.388882393442197
737 637 1 0.388882393442197
737 662 1 0.388882393442197
737 687 1 0.388882393442197
737 712 1 0.388882393442197
737 737 1 0.388882393442197
737 762 1 0.388882393442197
737 787 1 0.388882393442197
737 812 1 0.388882393442197
737 837 1 0.388882393442197
737 862 1 0.388882393442197
737 887 1 0.388882393442197
737 912 1 0.388882393442197
737 937 1 0.388882393442197
737 962 1 0.388882393442197
737 987 1 0.388882393442197
762 12 1 0.388882393442197
762 37 1 0.388882393442197
762 62 1 0.388882393442197
762 87 1 0.388882393442197
762 112 1 0.388882393442197
762 137 1 0.388882393442197
762 162 1 0.388882393442197
762 187 1 0.388882393442197
762 212 1 0.388882393442197
762 237 1 0.388882393442197
762 262 1 0.388882393442197
762 287 1 0.388882393442197
762 312 1 0.388882393442197
762 337 1 0.388882393442197
762 362 1 0.388882393442197
762 387 1 0.388882393442197
762 412 1 0.388882393442197
762 437 1 0.388882393442197
762 462 1 0.388882393442197
762 487 1 0.388882393442197
762 512 1 0.388882393442197
762 537 1 0.388882393442197
762 562 1 0.388882393442197
762 587 1 0.388882393442197
762 612 1 0.388882393442197
762 637 1 0.388882393442197
762 662 1 0.388882393442197
762 687 1 0.388882393442197
762 712 1 0.388882393442197
762 737 1 0.388882393442197
762 762 1 0.388882393442197
762 787 1 0.388882393442197
762 812 1 0.388882393442197
762 837 1 0.388882393442197
762 862 1 0.388882393442197
762 887 1 0.388882393442197
762 912 1 0.388882393442197
762 937 1 0.388882393442197
762 962 1 0.388882393442197
762 987 1 0.388882393442197
787 12 1 0.388882393442197
787 37 1 0.388882393442197
787 62 1 0.388882393442197
787 87 1 0.388882393442197
787 112 1 0.388882393442197
787 137 1 0.388882393442197
787 162 1 0.388882393442197
787 187 1 0.388882393442197
787 212 1 0.388882393442197
787 237 1 0.388882393442197
787 262 1 0.388882393442197
787 287 1 0.388882393442197
787 312 1 0.388882393442197
787 337 1 0.388882393442197
787 362 1 0.388882393442197
787 387 1 0.388882393442197
787 412 1 0.388882393442197
787 437 1 0.388882393442197
787 462 1 0.388882393442197
787 487 1 0.388882393442197
787 512 1 0.388882393442197
787 537 1 0.388882393442197
787 562 1 0.388882393442197
787 587 1 0.388882393442197
787 612 1 0.388882393442197
787 637 1 0.388882393442197
787 662 1 0.388882393442197
787 687 1 0.388882393442197
787 712 1 0.388882393442197
787 737 1 0.388882393442197
787 762 1 0.388882393442197
787 787 1 0.388882393442197
787 812 1 0.388882393442197
787 837 1 0.388882393442197
787 862 1 0.388882393442197
787 887 1 0.388882393442197
787 912 1 0.388882393442197
787 937 1 0.388882393442197
787 962 1 0.388882393442197
787 987 1 0.388882393442197
812 12 1 0.388882393442197
812 37 1 0.388882393442197
812 62 1 0.388882393442197
812 87 1 0.388882393442197
812 112 1 0.388882393442197
812 137 1 0.388882393442197
812 162 1 0.388882393442197
812 187 1 0.388882393442197
812 212 1 0.388882393442197
812 237 1 0.388882393442197
812 262 1 0.388882393442197
812 287 1 0.388882393442197
812 312 1 0.388882393442197
812 337 1 0.388882393442197
812 362 1 0.388882393442197
812 387 1 0.388882393442197
812 412 1 0.388882393442197
812 437 1 0.388882393442197
812 462 1 0.388882393442197
812 487 1 0.388882393442197
812 512 1 0.388882393442197
812 537 1 0.388882393442197
812 562 1 0.388882393442197
812 587 1 0.388882393442197
812 612 1 0.388882393442197
812 637 1 0.388882393442197
812 662 1 0.388882393442197
812 687 1 0.388882393442197
812 712 1 0.388882393442197
812 737 1 0.388882393442197
812 762 1 0.388882393442197
812 787 1 0.388882393442197
812 812 1 0.388882393442197
812 837 1 0.388882393442197
812 862 1 0.388882393442197
812 887 1 0.388882393442197
812 912 1 0.388882393442197
812 937 1 0.388882393442197
812 962 1 0.388882393442197
812 987 1 0.388882393442197
837 12 1 0.388882393442197
837 37 1 0.388882393442197
837 62 1 0.388882393442197
837 87 1 0.388882393442197
837 112 1 0.388882393442197
837 137 1 0.388882393442197
837 162 1 0.388882393442197
837 187 1 0.388882393442197
837 212 1 0.388882393442197
837 237 1 0.388882393442197
837 262 1 0.388882393442197
837 287 1 0.388882393442197
837 312 1 0.388882393442197
837 337 1 0.388882393442197
837 362 1 0.388882393442197
837 387 1 0.388882393442197
837 412 1 0.388882393442197
837 437 1 0.388882393442197
837 462 1 0.388882393442197
837 487 1 0.388882393442197
837 512 1 0.388882393442197
837 537 1 0.388882393442197
837 562 1 0.388882393442197
837 587 1 0.388882393442197
837 612 1 0.388882393442197
837 637 1 0.388882393442197
837 662 1 0.388882393442197
837 687 1 0.388882393442197
837 712 1 0.388882393442197
837 737 1 0.388882393442197
837 762 1 0.388882393442197
837 787 1 0.388882393442197
837 812 1 0.388882393442197
837 837 1 0.388882393442197
837 862 1 0.388882393442197
837 887 1 0.388882393442197
837 912 1 0.388882393442197
837 937 1 0.388882393442197
837 962 1 0.388882393442197
837 987 1 0.388882393442197
862 12 1 0.388882393442197
862 37 1 0.388882393442197
862 62 1 0.388882393442197
862 87 1 0.388882393442197
862 112 1 0.388882393442197
862 137 1 0.388882393442197
862 162 1 0.388882393442197
862 187 1 0.388882393442197
862 212 1 0.388882393442197
862 237 1 0.388882393442197
862 262 1 0.388882393442197
862 287 1 0.388882393442197
862 312 1 0.388882393442197
862 337 1 0.388882393442197
862 362 1 0.388882393442197
862 387 1 0.388882393442197
862 412 1 0.388882393442197
862 437 1 0.388882393442197
862 462 1 0.388882393442197
862 487 1 0.388882393442197
862 512 1 0.388882393442197
862 537 1 0.388882393442197
862 562 1 0.388882393442197
862 587 1 0.388882393442197
862 612 1 0.388882393442197
862 637 1 0.388882393442197
862 662 1 0.388882393442197
862 687 1 0.388882393442197
862 712 1 0.388882393442197
862 737 1 0.388882393442197
862 762 1 0.388882393442197
862 787 1 0.388882393442197
862 812 1 0.388882393442197
862 837 1 0.388882393442197
862 862 1 0.388882393442197
862 887 1 0.388882393442197
862 912 1 0.388882393442197
862 937 1 0.388882393442197
862 962 1 0.388882393442197
862 987 1 0.388882393442197
887 12 1 0.388882393442197
887 37 1 0.388882393442197
887 62 1 0.388882393442197
887 87 1 0.388882393442197
887 112 1 0.388882393442197
887 137 1 0.388882393442197
887 162 1 0.388882393442197
887 187 1 0.388882393442197
887 212 1 0.388882393442197
887 237 1 0.388882393442197
887 262 1 0.388882393442197
887 287 1 0.388882393442197
887 312 1 0.388882393442197
887 337 1 0.388882393442197
887 362 1 0.388882393442197
887 387 1 0.388882393442197
887 412 1 0.388882393442197
887 437 1 0.388882393442197
887 462 1 0.388882393442197
887 487 1 0.388882393442197
887 512 1 0.388882393442197
887 537 1 0.388882393442197
887 562 1 0.388882393442197
887 587 1 0.388882393442197
887 612 1 0.388882393442197
887 637 1 0.388882393442197
887 662 1 0.388882393442197
887 687 1 0.388882393442197
887 712 1 0.388882393442197
887 737 1 0.388882393442197
887 762 1 0.388882393442197
887 787 1 0.388882393442197
887 812 1 0.388882393442197
887 837 1 0.388882393442197
887 862 1 0.388882393442197
887 887 1 0.388882393442197
887 912 1 0.388882393442197
887 937 1 0.388882393442197
887 962 1 0.388882393442197
887 987 1 0.388882393442197
912 12 1 0.388882393442197
912 37 1 0.388882393442197
912 62 1 0.388882393442197
912 87 1 0.388882393442197
912 112 1 0.388882393442197
912 137 1 0.388882393442197
912 162 1 0.388882393442197
912 187 1 0.388882393442197
912 212 1 0.388882393442197
912 237 1 0.388882393442197
912 262 1 0.388882393442197
912 287 1 0.388882393442197
912 312 1 0.388882393442197
912 337 1 0.388882393442197
912 362 1 0.388882393442197
912 387 1 0.388882393442197
912 412 1 0.388882393442197
912 437 1 0.388882393442197
912 462 1 0.388882393442197
912 487 1 0.388882393442197
912 512 1 0.388882393442197
912 537 1 0.388882393442197
912 562 1 0.388882393442197
912 587 1 0.388882393442197
912 612 1 0.388882393442197
912 637 1 0.388882393442197
912 662 1 0.388882393442197
912 687 1 0.388882393442197
912 712 1 0.388882393442197
912 737 1 0.388882393442197
912 762 1 0.388882393442197
912 787 1 0.388882393442197
912 812 1 0.388882393442197
912 837 1 0.388882393442197
912 862 1 0.388882393442197
912 887 1 0.388882393442197
912 912 1 0.388882393442197
912 937 1 0.388882393442197
912 962 1 0.388882393442197
912 987 1 0.388882393442197
937 12 1 0.388882393442197
937 37 1 0.388882393442197
937 62 1 0.388882393442197
937 87 1 0.388882393442197
937 112 1 0.388882393442197
937 137 1 0.388882393442197
937 162 1 0.388882393442197
937 187 1 0.388882393442197
937 212 1 0.388882393442197
937 237 1 0.388882393442197
937 262 1 0.388882393442197
937 287 1 0.388882393442197
937 312 1 0.388882393442197
937 337 1 0.388882393442197
937 362 1 0.388882393442197
937 387 1 0.388882393442197
937 412 1 0.388882393442197
937 437 1 0.388882393442197
937 462 1 0.388882393442197
937 487 1 0.388882393442197
937 512 1 0.388882393442197
937 537 1 0.388882393442197
937 562 1 0.388882393442197
937 587 1 0.388882393442197
937 612 1 0.388882393442197
937 637 1 0.388882393442197
937 662 1 0.388882393442197
937 687 1 0.388882393442197
937 712 1 0.388882393442197
937 737 1 0.388882393442197
937 762 1 0.388882393442197
937 787 1 0.388882393442197
937 812 1 0.388882393442197
937 837 1 0.388882393442197
937 862 1 0.388882393442197
937 887 1 0.388882393442197
937 912 1 0.388882393442197
937 937 1 0.388882393442197
937 962 1 0.388882393442197
937 987 1 0.388882393442197
962 12 1 0.388882393442197
962 37 1 0.388882393442197
962 62 1 0.388882393442197
962 87 1 0.388882393442197
962 112 1 0.388882393442197
962 137 1 0.388882393442197
962 162 1 0.388882393442197
962 187 1 0.388882393442197
962 212 1 0.388882393442197
962 237 1 0.388882393442197
962 262 1 0.388882393442197
962 287 1 0.388882393442197
962 312 1 0.388882393442197
962 337 1 0.388882393442197
962 362 1 0.388882393442197
962 387 1 0.388882393442197
962 412 1 0.388882393442197
962 437 1 0.388882393442197
962 462 1 0.388882393442197
962 487 1 0.388882393442197
962 512 1 0.388882393442197
962 537 1 0.388882393442197
962 562 1 0.388882393442197
962 587 1 0.388882393442197
962 612 1 0.388882393442197
962 637 1 0.388882393442197
962 662 1 0.388882393442197
962 687 1 0.388882393442197
962 712 1 0.388882393442197
962 737 1 0.388882393442197
962 762 1 0.388882393442197
962 787 1 0.388882393442197
962 812 1 0.388882393442197
962 837 1 0.388882393442197
962 862 1 0.388882393442197
962 887 1 0.388882393442197
962 912 1 0.388882393442197
962 937 1 0.388882393442197
962 962 1 0.388882393442197
962 987 1 0.388882393442197
987 12 1 0.388882393442197
987 37 1 0.388882393442197
987 62 1 0.388882393442197
987 87 1 0.388882393442197
987 112 1 0.388882393442197
987 137 1 0.388882393442197
987 162 1 0.388882393442197
987 187 1 0.388882393442197
987 212 1 0.388882393442197
987 237 1 0.388882393442197
987 262 1 0.388882393442197
987 287 1 0.388882393442197
987 312 1 0.388882393442197
987 337 1 0.388882393442197
987 362 1 0.388882393442197
987 387 1 0.388882393442197
987 412 1 0.388882393442197
987 437 1 0.388882393442197
987 462 1 0.388882393442197
987 487 1 0.388882393442197
987 512 1 0.388882393442197
987 537 1 0.388882393442197
987 562 1 0.388882393442197
987 587 1 0.388882393442197
987 612 1 0.388882393442197
987 637 1 0.388882393442197
987 662 1 0.388882393442197
987 687 1 0.388882393442197
987 712 1 0.388882393442197
987 737 1 0.388882393442197
987 762 1 0.388882393442197
987 787 1 0.388882393442197
987 812 1 0.388882393442197
987 837 1 0.388882393442197
987 862 1 0.388882393442197
987 887 1 0.388882393442197
987 912 1 0.388882393442197
987 937 1 0.388882393442197
987 962 1 0.388882393442197
987 987 1 0.388882393442197