16 16 1 0.388882393442197
16 50 1 0.388882393442197
16 83 1 0.388882393442197
16 116 1 0.388882393442197
16 150 1 0.388882393442197
16 183 1 0.388882393442197
16 216 1 0.388882393442197
16 250 1 0.388882393442197
16 283 1 0.388882393442197
16 316 1 0.388882393442197
16 350 1 0.388882393442197
16 383 1 0.388882393442197
16 416 1 0.388882393442197
16 450 1 0.388882393442197
16 483 1 0.388882393442197
16 516 1 0.388882393442197
16 550 1 0.388882393442197
16 583 1 0.388882393442197
16 616 1 0.388882393442197
16 650 1 0.388882393442197
16 683 1 0.388882393442197
16 716 1 0.388882393442197
16 750 1 0.388882393442197
16 783 1 0.388882393442197
16 816 1 0.388882393442197
16 850 1 0.388882393442197
16 883 1 0.388882393442197
16 916 1 0.388882393442197
16 950 1 0.388882393442197
16 983 1 0.388882393442197
50 16 1 0.388882393442197
50 50 1 0.388882393442197
50 83 1 0.388882393442197
50 116 1 0.388882393442197
50 150 1 0.388882393442197
50 183 1 0.388882393442197
50 216 1 0.388882393442197
50 250 1 0.388882393442197
50 283 1 0.388882393442197
50 316 1 0.388882393442197
50 350 1 0.388882393442197
50 383 1 0.388882393442197
50 416 1 0.388882393442197
50 450 1 0.388882393442197
50 483 1 0.388882393442197
50 516 1 0.388882393442197
50 550 1 0.388882393442197
50 583 1 0.388882393442197
50 616 1 0.388882393442197
50 650 1 0.388882393442197
50 683 1 0.388882393442197
50 716 1 0.388882393442197
50 750 1 0.388882393442197
50 783 1 0.388882393442197
50 816 1 0.388882393442197
50 850 1 0.388882393442197
50 883 1 0.388882393442197
50 916 1 0.388882393442197
50 950 1 0.388882393442197
50 983 1 0.388882393442197
83 16 1 0.388882393442197
83 50 1 0.388882393442197
83 83 1 0.388882393442197
83 116 1 0.388882393442197
83 150 1 0.388882393442197
83 183 1 0.388882393442197
83 216 1 0.388882393442197
83 250 1 0.388882393442197
83 283 1 0.388882393442197
83 316 1 0.388882393442197
83 350 1 0.388882393442197
83 383 1 0.388882393442197
83 416 1 0.388882393442197
83 450 1 0.388882393442197
83 483 1 0.388882393442197
83 516 1 0.388882393442197
83 550 1 0.388882393442197
83 583 1 0.388882393442197
83 616 1 0.388882393442197
83 650 1 0.388882393442197
83 683 1 0.388882393442197
83 716 1 0.388882393442197
83 750 1 0.388882393442197
83 783 1 0.388882393442197
83 816 1 0.388882393442197
83 850 1 0.388882393442197
83 883 1 0.388882393442197
83 916 1 0.388882393442197
83 950 1 0.388882393442197
83 983 1 0.388882393442197
116 16 1 0.388882393442197
116 50 1 0.388882393442197
116 83 1 0.388882393442197
116 116 1 0.388882393442197
116 150 1 0.388882393442197
116 183 1 0.388882393442197
116 216 1 0.388882393442197
116 250 1 0.388882393442197
116 283 1 0.388882393442197
116 316 1 0.388882393442197
116 350 1 0.388882393442197
116 383 1 0.388882393442197
116 416 1 0.388882393442197
116 450 1 0.388882393442197
116 483 1 0.388882393442197
116 516 1 0.388882393442197
116 550 1 0.388882393442197
116 583 1 0.388882393442197
116 616 1 0.388882393442197
116 650 1 0.388882393442197
116 683 1 0.388882393442197
116 716 1 0.388882393442197
116 750 1 0.388882393442197
116 783 1 0.388882393442197
116 816 1 0.388882393442197
116 850 1 0.388882393442197
116 883 1 0.388882393442197
116 916 1 0.388882393442197
116 950 1 0.388882393442197
116 983 1 0.388882393442197
150 16 1 0.388882393442197
150 50 1 0.388882393442197
150 83 1 0.388882393442197
150 116 1 0.388882393442197
150 150 1 0.388882393442197
150 183 1 0.388882393442197
150 216 1 0.388882393442197
150 250 1 0.388882393442197
150 283 1 0.388882393442197
150 316 1 0.388882393442197
150 350 1 0.388882393442197
150 383 1 0.388882393442197
150 416 1 0.388882393442197
150 450 1 0.388882393442197
150 483 1 0.388882393442197
150 516 1 0.388882393442197
150 550 1 0.388882393442197
150 583 1 0.388882393442197
150 616 1 0.388882393442197
150 650 1 0.388882393442197
150 683 1 0.388882393442197
150 716 1 0.388882393442197
150 750 1 0.388882393442197
150 783 1 0.388882393442197
150 816 1 0.388882393442197
150 850 1 0.388882393442197
150 883 1 0.388882393442197
150 916 1 0.388882393442197
150 950 1 0.388882393442197
150 983 1 0.388882393442197
183 16 1 0.388882393442197
183 50 1 0.388882393442197
183 83 1 0.388882393442197
183 116 1 0.388882393442197
183 150 1 0.388882393442197
183 183 1 0.388882393442197
183 216 1 0.388882393442197
183 250 1 0.388882393442197
183 283 1 0.388882393442197
183 316 1 0.388882393442197
183 350 1 0.388882393442197
183 383 1 0.388882393442197
183 416 1 0.388882393442197
183 450 1 0.388882393442197
183 483 1 0.388882393442197
183 516 1 0.388882393442197
183 550 1 0.388882393442197
183 583 1 0.388882393442197
183 616 1 0.388882393442197
183 650 1 0.388882393442197
183 683 1 0.388882393442197
183 716 1 0.388882393442197
183 750 1 0.388882393442197
183 783 1 0.388882393442197
183 816 1 0.388882393442197
183 850 1 0.388882393442197
183 883 1 0.388882393442197
183 916 1 0.388882393442197
183 950 1 0.388882393442197
183 983 1 0.388882393442197
216 16 1 0.388882393442197
216 50 1 0.388882393442197
216 83 1 0.388882393442197
216 116 1 0.388882393442197
216 150 1 0.388882393442197
216 183 1 0.388882393442197
216 216 1 0.388882393442197
216 250 1 0.388882393442197
216 283 1 0.388882393442197
216 316 1 0.388882393442197
216 350 1 0.388882393442197
216 383 1 0.388882393442197
216 416 1 0.388882393442197
216 450 1 0.388882393442197
216 483 1 0.388882393442197
216 516 1 0.388882393442197
216 550 1 0.388882393442197
216 583 1 0.388882393442197
216 616 1 0.388882393442197
216 650 1 0.388882393442197
216 683 1 0.388882393442197
216 716 1 0.388882393442197
216 750 1 0.388882393442197
216 783 1 0.388882393442197
216 816 1 0.388882393442197
216 850 1 0.388882393442197
216 883 1 0.388882393442197
216 916 1 0.388882393442197
216 950 1 0.388882393442197
216 983 1 0.388882393442197
250 16 1 0.388882393442197
250 50 1 0.388882393442197
250 83 1 0.388882393442197
250 116 1 0.388882393442197
250 150 1 0.388882393442197
250 183 1 0.388882393442197
250 216 1 0.388882393442197
250 250 1 0.388882393442197
250 283 1 0.388882393442197
250 316 1 0.388882393442197
250 350 1 0.388882393442197
250 383 1 0.388882393442197
250 416 1 0.388882393442197
250 450 1 0.388882393442197
250 483 1 0.388882393442197
250 516 1 0.388882393442197
250 550 1 0.388882393442197
250 583 1 0.388882393442197
250 616 1 0.388882393442197
250 650 1 0.388882393442197
250 683 1 0.388882393442197
250 716 1 0.388882393442197
250 750 1 0.388882393442197
250 783 1 0.388882393442197
250 816 1 0.388882393442197
250 850 1 0.388882393442197
250 883 1 0.388882393442197
250 916 1 0.388882393442197
250 950 1 0.388882393442197
250 983 1 0.388882393442197
283 16 1 0.388882393442197
283 50 1 0.388882393442197
283 83 1 0.388882393442197
283 116 1 0.388882393442197
283 150 1 0.388882393442197
283 183 1 0.388882393442197
283 216 1 0.388882393442197
283 250 1 0.388882393442197
283 283 1 0.388882393442197
283 316 1 0.388882393442197
283 350 1 0.388882393442197
283 383 1 0.388882393442197
283 416 1 0.388882393442197
283 450 1 0.388882393442197
283 483 1 0.388882393442197
283 516 1 0.388882393442197
283 550 1 0.388882393442197
283 583 1 0.388882393442197
283 616 1 0.388882393442197
283 650 1 0.388882393442197
283 683 1 0.388882393442197
283 716 1 0.388882393442197
283 750 1 0.388882393442197
283 783 1 0.388882393442197
283 816 1 0.388882393442197
283 850 1 0.388882393442197
283 883 1 0.388882393442197
283 916 1 0.388882393442197
283 950 1 0.388882393442197
283 983 1 0.388882393442197
316 16 1 0.388882393442197
316 50 1 0.388882393442197
316 83 1 0.388882393442197
316 116 1 0.388882393442197
316 150 1 0.388882393442197
316 183 1 0.388882393442197
316 216 1 0.388882393442197
316 250 1 0.388882393442197
316 283 1 0.388882393442197
316 316 1 0.388882393442197
316 350 1 0.388882393442197
316 383 1 0.388882393442197
316 416 1 0.388882393442197
316 450 1 0.388882393442197
316 483 1 0.388882393442197
316 516 1 0.388882393442197
316 550 1 0.388882393442197
316 583 1 0.388882393442197
316 616 1 0.388882393442197
316 650 1 0.388882393442197
316 683 1 0.388882393442197
316 716 1 0.388882393442197
316 750 1 0.388882393442197
316 783 1 0.388882393442197
316 816 1 0.388882393442197
316 850 1 0.388882393442197
316 883 1 0.388882393442197
316 916 1 0.388882393442197
316 950 1 0.388882393442197
316 983 1 0.388882393442197
350 16 1 0.388882393442197
350 50 1 0.388882393442197
350 83 1 0.388882393442197
350 116 1 0.388882393442197
350 150 1 0.388882393442197
350 183 1 0.388882393442197
350 216 1 0.388882393442197
350 250 1 0.388882393442197
350 283 1 0.388882393442197
350 316 1 0.388882393442197
350 350 1 0.388882393442197
350 383 1 0.388882393442197
350 416 1 0.388882393442197
350 450 1 0.388882393442197
350 483 1 0.388882393442197
350 516 1 0.388882393442197
350 550 1 0.388882393442197
350 583 1 0.388882393442197
350 616 1 0.388882393442197
350 650 1 0.388882393442197
350 683 1 0.388882393442197
350 716 1 0.388882393442197
350 750 1 0.388882393442197
350 783 1 0.388882393442197
350 816 1 0.388882393442197
350 850 1 0.388882393442197
350 883 1 0.388882393442197
350 916 1 0.388882393442197
350 950 1 0.388882393442197
350 983 1 0.388882393442197
383 16 1 0.388882393442197
383 50 1 0.388882393442197
383 83 1 0.388882393442197
383 116 1 0.388882393442197
383 150 1 0.388882393442197
383 183 1 0.388882393442197
383 216 1 0.388882393442197
383 250 1 0.388882393442197
383 283 1 0.388882393442197
383 316 1 0.388882393442197
383 350 1 0.388882393442197
383 383 1 0.388882393442197
383 416 1 0.388882393442197
383 450 1 0.388882393442197
383 483 1 0.388882393442197
383 516 1 0.388882393442197
383 550 1 0.388882393442197
383 583 1 0.388882393442197
383 616 1 0.388882393442197
383 650 1 0.388882393442197
383 683 1 0.388882393442197
383 716 1 0.388882393442197
383 750 1 0.388882393442197
383 783 1 0.388882393442197
383 816 1 0.388882393442197
383 850 1 0.388882393442197
383 883 1 0.388882393442197
383 916 1 0.388882393442197
383 950 1 0.388882393442197
383 983 1 0.388882393442197
416 16 1 0.388882393442197
416 50 1 0.388882393442197
416 83 1 0.388882393442197
416 116 1 0.388882393442197
416 150 1 0.388882393442197
416 183 1 0.388882393442197
416 216 1 0.388882393442197
416 250 1 0.388882393442197
416 283 1 0.388882393442197
416 316 1 0.388882393442197
416 350 1 0.388882393442197
416 383 1 0.388882393442197
416 416 1 0.388882393442197
416 450 1 0.388882393442197
416 483 1 0.388882393442197
416 516 1 0.388882393442197
416 550 1 0.388882393442197
416 583 1 0.388882393442197
416 616 1 0.388882393442197
416 650 1 0.388882393442197
416 683 1 0.388882393442197
416 716 1 0.388882393442197
416 750 1 0.388882393442197
416 783 1 0.388882393442197
416 816 1 0.388882393442197
416 850 1 0.388882393442197
416 883 1 0.388882393442197
416 916 1 0.388882393442197
416 950 1 0.388882393442197
416 983 1 0.388882393442197
450 16 1 0.388882393442197
450 50 1 0.388882393442197
450 83 1 0.388882393442197
450 116 1 0.388882393442197
450 150 1 0.388882393442197
450 183 1 0.388882393442197
450 216 1 0.388882393442197
450 250 1 0.388882393442197
450 283 1 0.388882393442197
450 316 1 0.388882393442197
450 350 1 0.388882393442197
450 383 1 0.388882393442197
450 416 1 0.388882393442197
450 450 1 0.388882393442197
450 483 1 0.388882393442197
450 516 1 0.388882393442197
450 550 1 0.388882393442197
450 583 1 0.388882393442197
450 616 1 0.388882393442197
450 650 1 0.388882393442197
450 683 1 0.388882393442197
450 716 1 0.388882393442197
450 750 1 0.388882393442197
450 783 1 0.388882393442197
450 816 1 0.388882393442197
450 850 1 0.388882393442197
450 883 1 0.388882393442197
450 916 1 0.388882393442197
450 950 1 0.388882393442197
450 983 1 0.388882393442197
483 16 1 0.388882393442197
483 50 1 0.388882393442197
483 83 1 0.388882393442197
483 116 1 0.388882393442197
483 150 1 0.388882393442197
483 183 1 0.388882393442197
483 216 1 0.388882393442197
483 250 1 0.388882393442197
483 283 1 0.388882393442197
483 316 1 0.388882393442197
483 350 1 0.388882393442197
483 383 1 0.388882393442197
483 416 1 0.388882393442197
483 450 1 0.388882393442197
483 483 1 0.388882393442197
483 516 1 0.388882393442197
483 550 1 0.388882393442197
483 583 1 0.388882393442197
483 616 1 0.388882393442197
483 650 1 0.388882393442197
483 683 1 0.388882393442197
483 716 1 0.388882393442197
483 750 1 0.388882393442197
483 783 1 0.388882393442197
483 816 1 0.388882393442197
483 850 1 0.388882393442197
483 883 1 0.388882393442197
483 916 1 0.388882393442197
483 950 1 0.388882393442197
483 983 1 0.388882393442197
516 16 1 0.388882393442197
516 50 1 0.388882393442197
516 83 1 0.388882393442197
516 116 1 0.388882393442197
516 150 1 0.388882393442197
516 183 1 0.388882393442197
516 216 1 0.388882393442197
516 250 1 0.388882393442197
516 283 1 0.388882393442197
516 316 1 0.388882393442197
516 350 1 0.388882393442197
516 383 1 0.388882393442197
516 416 1 0.388882393442197
516 450 1 0.388882393442197
516 483 1 0.388882393442197
516 516 1 0.388882393442197
516 550 1 0.388882393442197
516 583 1 0.388882393442197
516 616 1 0.388882393442197
516 650 1 0.388882393442197
516 683 1 0.388882393442197
516 716 1 0.388882393442197
516 750 1 0.388882393442197
516 783 1 0.388882393442197
516 816 1 0.388882393442197
516 850 1 0.388882393442197
516 883 1 0.388882393442197
516 916 1 0.388882393442197
516 950 1 0.388882393442197
516 983 1 0.388882393442197
550 16 1 0.388882393442197
550 50 1 0.388882393442197
550 83 1 0.388882393442197
550 116 1 0.388882393442197
550 150 1 0.388882393442197
550 183 1 0.388882393442197
550 216 1 0.388882393442197
550 250 1 0.388882393442197
550 283 1 0.388882393442197
550 316 1 0.388882393442197
550 350 1 0.388882393442197
550 383 1 0.388882393442197
550 416 1 0.388882393442197
550 450 1 0.388882393442197
550 483 1 0.388882393442197
550 516 1 0.388882393442197
550 550 1 0.388882393442197
550 583 1 0.388882393442197
550 616 1 0.388882393442197
550 650 1 0.388882393442197
550 683 1 0.388882393442197
550 716 1 0.388882393442197
550 750 1 0.388882393442197
550 783 1 0.388882393442197
550 816 1 0.388882393442197
550 850 1 0.388882393442197
550 883 1 0.388882393442197
550 916 1 0.388882393442197
550 950 1 0.388882393442197
550 983 1 0.388882393442197
583 16 1 0.388882393442197
583 50 1 0.388882393442197
583 83 1 0.388882393442197
583 116 1 0.388882393442197
583 150 1 0.388882393442197
583 183 1 0.388882393442197
583 216 1 0.388882393442197
583 250 1 0.388882393442197
583 283 1 0.388882393442197
583 316 1 0.388882393442197
583 350 1 0.388882393442197
583 383 1 0.388882393442197
583 416 1 0.388882393442197
583 450 1 0.388882393442197
583 483 1 0.388882393442197
583 516 1 0.388882393442197
583 550 1 0.388882393442197
583 583 1 0.388882393442197
583 616 1 0.388882393442197
583 650 1 0.388882393442197
583 683 1 0.388882393442197
583 716 1 0.388882393442197
583 750 1 0.388882393442197
583 783 1 0.388882393442197
583 816 1 0.388882393442197
583 850 1 0.388882393442197
583 883 1 0.388882393442197
583 916 1 0.388882393442197
583 950 1 0.388882393442197
583 983 1 0.388882393442197
616 16 1 0.388882393442197
616 50 1 0.388882393442197
616 83 1 0.388882393442197
616 116 1 0.388882393442197
616 150 1 0.388882393442197
616 183 1 0.388882393442197
616 216 1 0.388882393442197
616 250 1 0.388882393442197
616 283 1 0.388882393442197
616 316 1 0.388882393442197
616 350 1 0.388882393442197
616 383 1 0.388882393442197
616 416 1 0.388882393442197
616 450 1 0.388882393442197
616 483 1 0.388882393442197
616 516 1 0.388882393442197
616 550 1 0.388882393442197
616 583 1 0.388882393442197
616 616 1 0.388882393442197
616 650 1 0.388882393442197
616 683 1 0.388882393442197
616 716 1 0.388882393442197
616 750 1 0.388882393442197
616 783 1 0.388882393442197
616 816 1 0.388882393442197
616 850 1 0.388882393442197
616 883 1 0.388882393442197
616 916 1 0.388882393442197
616 950 1 0.388882393442197
616 983 1 0.388882393442197
650 16 1 0.388882393442197
650 50 1 0.388882393442197
650 83 1 0.388882393442197
650 116 1 0.388882393442197
650 150 1 0.388882393442197
650 183 1 0.388882393442197
650 216 1 0.388882393442197
650 250 1 0.388882393442197
650 283 1 0.388882393442197
650 316 1 0.388882393442197
650 350 1 0.388882393442197
650 383 1 0.388882393442197
650 416 1 0.388882393442197
650 450 1 0.388882393442197
650 483 1 0.388882393442197
650 516 1 0.388882393442197
650 550 1 0.388882393442197
650 583 1 0.388882393442197
650 616 1 0.388882393442197
650 650 1 0.388882393442197
650 683 1 0.388882393442197
650 716 1 0.388882393442197
650 750 1 0.388882393442197
650 783 1 0.388882393442197
650 816 1 0.388882393442197
650 850 1 0.388882393442197
650 883 1 0.388882393442197
650 916 1 0.388882393442197
650 950 1 0.388882393442197
650 983 1 0.388882393442197
683 16 1 0.388882393442197
683 50 1 0.388882393442197
683 83 1 0.388882393442197
683 116 1 0.388882393442197
683 150 1 0.388882393442197
683 183 1 0.388882393442197
683 216 1 0.388882393442197
683 250 1 0.388882393442197
683 283 1 0.388882393442197
683 316 1 0.388882393442197
683 350 1 0.388882393442197
683 383 1 0.388882393442197
683 416 1 0.388882393442197
683 450 1 0.388882393442197
683 483 1 0.388882393442197
683 516 1 0.388882393442197
683 550 1 0.388882393442197
683 583 1 0.388882393442197
683 616 1 0.388882393442197
683 650 1 0.388882393442197
683 683 1 0.388882393442197
683 716 1 0.388882393442197
683 750 1 0.388882393442197
683 783 1 0.388882393442197
683 816 1 0.388882393442197
683 850 1 0.388882393442197
683 883 1 0.388882393442197
683 916 1 0.388882393442197
683 950 1 0.388882393442197
683 983 1 0.388882393442197
716 16 1 0.388882393442197
716 50 1 0.388882393442197
716 83 1 0.388882393442197
716 116 1 0.388882393442197
716 150 1 0.388882393442197
716 183 1 0.388882393442197
716 216 1 0.388882393442197
716 250 1 0.388882393442197
716 283 1 0.388882393442197
716 316 1 0.388882393442197
716 350 1 0.388882393442197
716 383 1 0.388882393442197
716 416 1 0.388882393442197
716 450 1 0.388882393442197
716 483 1 0.388882393442197
716 516 1 0.388882393442197
716 550 1 0.388882393442197
716 583 1 0.388882393442197
716 616 1 0.388882393442197
716 650 1 0.388882393442197
716 683 1 0.388882393442197
716 716 1 0.388882393442197
716 750 1 0.388882393442197
716 783 1 0.388882393442197
716 816 1 0.388882393442197
716 850 1 0.388882393442197
716 883 1 0.388882393442197
716 916 1 0.388882393442197
716 950 1 0.388882393442197
716 983 1 0.388882393442197
750 16 1 0.388882393442197
750 50 1 0.388882393442197
750 83 1 0.388882393442197
750 116 1 0.388882393442197
750 150 1 0.388882393442197
750 183 1 0.388882393442197
750 216 1 0.388882393442197
750 250 1 0.388882393442197
750 283 1 0.388882393442197
750 316 1 0.388882393442197
750 350 1 0.388882393442197
750 383 1 0.388882393442197
750 416 1 0.388882393442197
750 450 1 0.388882393442197
750 483 1 0.388882393442197
750 516 1 0.388882393442197
750 550 1 0.388882393442197
750 583 1 0.388882393442197
750 616 1 0.388882393442197
750 650 1 0.388882393442197
750 683 1 0.388882393442197
750 716 1 0.388882393442197
750 750 1 0.388882393442197
750 783 1 0.388882393442197
750 816 1 0.388882393442197
750 850 1 0.388882393442197
750 883 1 0.388882393442197
750 916 1 0.388882393442197
750 950 1 0.388882393442197
750 983 1 0.388882393442197
783 16 1 0.388882393442197
783 50 1 0.388882393442197
783 83 1 0.388882393442197
783 116 1 0.388882393442197
783 150 1 0.388882393442197
783 183 1 0.388882393442197
783 216 1 0.388882393442197
783 250 1 0.388882393442197
783 283 1 0.388882393442197
783 316 1 0.388882393442197
783 350 1 0.388882393442197
783 383 1 0.388882393442197
783 416 1 0.388882393442197
783 450 1 0.388882393442197
783 483 1 0.388882393442197
783 516 1 0.388882393442197
783 550 1 0.388882393442197
783 583 1 0.388882393442197
783 616 1 0.388882393442197
783 650 1 0.388882393442197
783 683 1 0.388882393442197
783 716 1 0.388882393442197
783 750 1 0.388882393442197
783 783 1 0.388882393442197
783 816 1 0.388882393442197
783 850 1 0.388882393442197
783 883 1 0.388882393442197
783 916 1 0.388882393442197
783 950 1 0.388882393442197
783 983 1 0.388882393442197
816 16 1 0.388882393442197
816 50 1 0.388882393442197
816 83 1 0.388882393442197
816 116 1 0.388882393442197
816 150 1 0.388882393442197
816 183 1 0.388882393442197
816 216 1 0.388882393442197
816 250 1 0.388882393442197
816 283 1 0.388882393442197
816 316 1 0.388882393442197
816 350 1 0.388882393442197
816 383 1 0.388882393442197
816 416 1 0.388882393442197
816 450 1 0.388882393442197
816 483 1 0.388882393442197
816 516 1 0.388882393442197
816 550 1 0.388882393442197
816 583 1 0.388882393442197
816 616 1 0.388882393442197
816 650 1 0.388882393442197
816 683 1 0.388882393442197
816 716 1 0.388882393442197
816 750 1 0.388882393442197
816 783 1 0.388882393442197
816 816 1 0.388882393442197
816 850 1 0.388882393442197
816 883 1 0.388882393442197
816 916 1 0.388882393442197
816 950 1 0.388882393442197
816 983 1 0.388882393442197
850 16 1 0.388882393442197
850 50 1 0.388882393442197
850 83 1 0.388882393442197
850 116 1 0.388882393442197
850 150 1 0.388882393442197
850 183 1 0.388882393442197
850 216 1 0.388882393442197
850 250 1 0.388882393442197
850 283 1 0.388882393442197
850 316 1 0.388882393442197
850 350 1 0.388882393442197
850 383 1 0.388882393442197
850 416 1 0.388882393442197
850 450 1 0.388882393442197
850 483 1 0.388882393442197
850 516 1 0.388882393442197
850 550 1 0.388882393442197
850 583 1 0.388882393442197
850 616 1 0.388882393442197
850 650 1 0.388882393442197
850 683 1 0.388882393442197
850 716 1 0.388882393442197
850 750 1 0.388882393442197
850 783 1 0.388882393442197
850 816 1 0.388882393442197
850 850 1 0.388882393442197
850 883 1 0.388882393442197
850 916 1 0.388882393442197
850 950 1 0.388882393442197
850 983 1 0.388882393442197
883 16 1 0.388882393442197
883 50 1 0.388882393442197
883 83 1 0.388882393442197
883 116 1 0.388882393442197
883 150 1 0.388882393442197
883 183 1 0.388882393442197
883 216 1 0.388882393442197
883 250 1 0.388882393442197
883 283 1 0.388882393442197
883 316 1 0.388882393442197
883 350 1 0.388882393442197
883 383 1 0.388882393442197
883 416 1 0.388882393442197
883 450 1 0.388882393442197
883 483 1 0.388882393442197
883 516 1 0.388882393442197
883 550 1 0.388882393442197
883 583 1 0.388882393442197
883 616 1 0.388882393442197
883 650 1 0.388882393442197
883 683 1 0.388882393442197
883 716 1 0.388882393442197
883 750 1 0.388882393442197
883 783 1 0.388882393442197
883 816 1 0.388882393442197
883 850 1 0.388882393442197
883 883 1 0.388882393442197
883 916 1 0.388882393442197
883 950 1 0.388882393442197
883 983 1 0.388882393442197
916 16 1 0.388882393442197
916 50 1 0.388882393442197
916 83 1 0.388882393442197
916 116 1 0.388882393442197
916 150 1 0.388882393442197
916 183 1 0.388882393442197
916 216 1 0.388882393442197
916 250 1 0.388882393442197
916 283 1 0.388882393442197
916 316 1 0.388882393442197
916 350 1 0.388882393442197
916 383 1 0.388882393442197
916 416 1 0.388882393442197
916 450 1 0.388882393442197
916 483 1 0.388882393442197
916 516 1 0.388882393442197
916 550 1 0.388882393442197
916 583 1 0.388882393442197
916 616 1 0.388882393442197
916 650 1 0.388882393442197
916 683 1 0.388882393442197
916 716 1 0.388882393442197
916 750 1 0.388882393442197
916 783 1 0.388882393442197
916 816 1 0.388882393442197
916 850 1 0.388882393442197
916 883 1 0.388882393442197
916 916 1 0.388882393442197
916 950 1 0.388882393442197
916 983 1 0.388882393442197
950 16 1 0.388882393442197
950 50 1 0.388882393442197
950 83 1 0.388882393442197
950 116 1 0.388882393442197
950 150 1 0.388882393442197
950 183 1 0.388882393442197
950 216 1 0.388882393442197
950 250 1 0.388882393442197
950 283 1 0.388882393442197
950 316 1 0.388882393442197
950 350 1 0.388882393442197
950 383 1 0.388882393442197
950 416 1 0.388882393442197
950 450 1 0.388882393442197
950 483 1 0.388882393442197
950 516 1 0.388882393442197
950 550 1 0.388882393442197
950 583 1 0.388882393442197
950 616 1 0.388882393442197
950 650 1 0.388882393442197
950 683 1 0.388882393442197
950 716 1 0.388882393442197
950 750 1 0.388882393442197
950 783 1 0.388882393442197
950 816 1 0.388882393442197
950 850 1 0.388882393442197
950 883 1 0.388882393442197
950 916 1 0.388882393442197
950 950 1 0.388882393442197
950 983 1 0.388882393442197
983 16 1 0.388882393442197
983 50 1 0.388882393442197
983 83 1 0.388882393442197
983 116 1 0.388882393442197
983 150 1 0.388882393442197
983 183 1 0.388882393442197
983 216 1 0.388882393442197
983 250 1 0.388882393442197
983 283 1 0.388882393442197
983 316 1 0.388882393442197
983 350 1 0.388882393442197
983 383 1 0.388882393442197
983 416 1 0.388882393442197
983 450 1 0.388882393442197
983 483 1 0.388882393442197
983 516 1 0.388882393442197
983 550 1 0.388882393442197
983 583 1 0.388882393442197
983 616 1 0.388882393442197
983 650 1 0.388882393442197
983 683 1 0.388882393442197
983 716 1 0.388882393442197
983 750 1 0.388882393442197
983 783 1 0.388882393442197
983 816 1 0.388882393442197
983 850 1 0.388882393442197
983 883 1 0.388882393442197
983 916 1 0.388882393442197
983 950 1 0.388882393442197
983 983 1 0.388882393442197
