37 83 1 0.388882393442197
14 0 1 0.388882393442197
26 21 1 0.388882393442197
29 23 1 0.388882393442197
161 5 1 0.388882393442197
4 0 1 0.388882393442197
143 133 1 0.388882393442197
82 85 1 0.388882393442197
195 152 1 0.388882393442197
133 108 1 0.388882393442197
69 120 1 0.388882393442197
124 4 1 0.388882393442197
90 108 1 0.388882393442197
150 13 1 0.388882393442197
10 118 1 0.388882393442197
26 33 1 0.388882393442197
135 2 1 0.388882393442197
5 0 1 0.388882393442197
137 185 1 0.388882393442197
3 125 1 0.388882393442197
69 163 1 0.388882393442197
108 7 1 0.388882393442197
24 32 1 0.388882393442197
75 150 1 0.388882393442197
78 72 1 0.388882393442197
161 19 1 0.388882393442197
17 79 1 0.388882393442197
140 39 1 0.388882393442197
38 108 1 0.388882393442197
47 41 1 0.388882393442197
68 147 1 0.388882393442197
115 164 1 0.388882393442197
173 16 1 0.388882393442197
133 169 1 0.388882393442197
140 101 1 0.388882393442197
38 119 1 0.388882393442197
122 128 1 0.388882393442197
172 157 1 0.388882393442197
111 129 1 0.388882393442197
109 169 1 0.388882393442197
103 115 1 0.388882393442197
124 21 1 0.388882393442197
76 178 1 0.388882393442197
136 34 1 0.388882393442197
59 124 1 0.388882393442197
8 51 1 0.388882393442197
140 189 1 0.388882393442197
166 40 1 0.388882393442197
133 179 1 0.388882393442197
10 74 1 0.388882393442197
18 136 1 0.388882393442197
169 101 1 0.388882393442197
158 74 1 0.388882393442197
25 103 1 0.388882393442197
191 72 1 0.388882393442197
47 172 1 0.388882393442197
144 167 1 0.388882393442197
160 140 1 0.388882393442197
127 101 1 0.388882393442197
74 112 1 0.388882393442197
18 125 1 0.388882393442197
178 16 1 0.388882393442197
119 3 1 0.388882393442197
197 115 1 0.388882393442197
18 168 1 0.388882393442197
10 61 1 0.388882393442197
154 171 1 0.388882393442197
96 101 1 0.388882393442197
71 118 1 0.388882393442197
84 32 1 0.388882393442197
156 20 1 0.388882393442197
58 37 1 0.388882393442197
68 84 1 0.388882393442197
73 189 1 0.388882393442197
96 126 1 0.388882393442197
8 9 1 0.388882393442197
135 133 1 0.388882393442197
150 19 1 0.388882393442197
159 198 1 0.388882393442197
69 142 1 0.388882393442197
199 99 1 0.388882393442197
199 195 1 0.388882393442197
102 62 1 0.388882393442197
55 97 1 0.388882393442197
48 145 1 0.388882393442197
182 52 1 0.388882393442197
152 0 1 0.388882393442197
76 116 1 0.388882393442197
157 32 1 0.388882393442197
20 86 1 0.388882393442197
168 179 1 0.388882393442197
199 142 1 0.388882393442197
1 189 1 0.388882393442197
75 83 1 0.388882393442197
109 89 1 0.388882393442197
66 11 1 0.388882393442197
166 28 1 0.388882393442197
6 141 1 0.388882393442197
94 161 1 0.388882393442197
195 174 1 0.388882393442197