7.8656514624463325 68.96275456004399 1 0.388882393442197
197.6312749267206 193.28356301976564 1 0.388882393442197
105.81981660305178 157.1724588676119 1 0.388882393442197
87.27267908102185 30.68175596063314 1 0.388882393442197
57.45439683252571 155.31582211869653 1 0.388882393442197
6.44787323578897 9.967899342989917 1 0.388882393442197
45.912531542847844 186.5980620252746 1 0.388882393442197
2.9061872944959655 120.10577235477197 1 0.388882393442197
50.02278548722219 81.15910579646808 1 0.388882393442197
65.60050843846442 191.6578885077807 1 0.388882393442197
20.972527048317847 86.45839600464723 1 0.388882393442197
39.63563547698947 177.25092211747742 1 0.388882393442197
161.4391972351776 135.4132378817714 1 0.388882393442197
162.3611190685338 175.04091753502004 1 0.388882393442197
165.47460176151736 141.44870884415798 1 0.388882393442197
164.42285050647186 100.3633662029798 1 0.388882393442197
30.637748953721623 38.29187907590741 1 0.388882393442197
108.15956906820483 91.34698607665979 1 0.388882393442197
9.638498379257276 57.21367605330199 1 0.388882393442197
178.56756929523198 13.173847167413877 1 0.388882393442197
53.118227507782414 53.85006563600658 1 0.388882393442197
185.12052683239267 78.57144539426643 1 0.388882393442197
105.47679406019499 199.77256392662702 1 0.388882393442197
194.55554879681983 168.2074494271934 1 0.388882393442197
152.10097644171023 117.45277733345867 1 0.388882393442197
142.97918839960366 77.1073018643231 1 0.388882393442197
198.45978038174565 132.21683280959238 1 0.388882393442197
14.48598827615466 168.2730592964687 1 0.388882393442197
16.898191475107982 194.28672333429085 1 0.388882393442197
154.9062296837852 185.43629653546847 1 0.388882393442197
169.25065771739548 41.89536650312093 1 0.388882393442197
23.324492759655357 126.11790530006428 1 0.388882393442197
35.63658998688191 134.36568276699217 1 0.388882393442197
15.149469843787088 131.69325836357692 1 0.388882393442197
58.643899650932376 58.984538209380965 1 0.388882393442197
168.93622604548182 105.98013883326858 1 0.388882393442197
12.621289159510663 14.476330514398473 1 0.388882393442197
19.24155370110805 198.22030041952323 1 0.388882393442197
42.63023716999428 159.53832770354896 1 0.388882393442197
170.04522035116364 186.9413495399957 1 0.388882393442197
139.13812401242606 75.72659509616786 1 0.388882393442197
101.30276073245128 99.96813987930575 1 0.388882393442197
26.864646172150806 149.87429679281564 1 0.388882393442197
91.23664244826675 178.69163569432732 1 0.388882393442197
58.88145022605671 91.83140666204122 1 0.388882393442197
101.84017092143749 144.4765261317403 1 0.388882393442197
150.80805840368438 115.45560285630951 1 0.388882393442197
147.31721440569333 152.135585856257 1 0.388882393442197
139.74928614683984 35.54153869615679 1 0.388882393442197
42.04687849922608 180.00488700125499 1 0.388882393442197
