58 873 1 0.388882393442197
769 819 1 0.388882393442197
194 157 1 0.388882393442197
128 631 1 0.388882393442197
178 660 1 0.388882393442197
958 99 1 0.388882393442197
538 65 1 0.388882393442197
532 623 1 0.388882393442197
268 975 1 0.388882393442197
754 13 1 0.388882393442197
213 843 1 0.388882393442197
254 156 1 0.388882393442197
252 991 1 0.388882393442197
215 916 1 0.388882393442197
225 757 1 0.388882393442197
430 256 1 0.388882393442197
744 409 1 0.388882393442197
200 914 1 0.388882393442197
278 950 1 0.388882393442197
980 32 1 0.388882393442197
580 535 1 0.388882393442197
180 772 1 0.388882393442197
558 374 1 0.388882393442197
163 397 1 0.388882393442197
226 397 1 0.388882393442197
864 570 1 0.388882393442197
376 134 1 0.388882393442197
618 215 1 0.388882393442197
386 549 1 0.388882393442197
710 959 1 0.388882393442197
879 524 1 0.388882393442197
535 185 1 0.388882393442197
545 998 1 0.388882393442197
672 682 1 0.388882393442197
961 385 1 0.388882393442197
648 353 1 0.388882393442197
925 833 1 0.388882393442197
120 471 1 0.388882393442197
67 93 1 0.388882393442197
691 126 1 0.388882393442197
620 345 1 0.388882393442197
604 771 1 0.388882393442197
402 857 1 0.388882393442197
199 912 1 0.388882393442197
309 569 1 0.388882393442197
100 492 1 0.388882393442197
150 917 1 0.388882393442197
263 609 1 0.388882393442197
300 486 1 0.388882393442197
343 188 1 0.388882393442197
821 770 1 0.388882393442197
246 925 1 0.388882393442197
333 379 1 0.388882393442197
334 158 1 0.388882393442197
586 455 1 0.388882393442197
8 853 1 0.388882393442197
43 63 1 0.388882393442197
276 517 1 0.388882393442197
308 337 1 0.388882393442197
291 429 1 0.388882393442197
52 201 1 0.388882393442197
569 4 1 0.388882393442197
280 651 1 0.388882393442197
437 175 1 0.388882393442197
982 147 1 0.388882393442197
865 531 1 0.388882393442197
823 444 1 0.388882393442197
670 576 1 0.388882393442197
981 884 1 0.388882393442197
760 873 1 0.388882393442197
515 322 1 0.388882393442197
468 256 1 0.388882393442197
894 345 1 0.388882393442197
837 749 1 0.388882393442197
284 657 1 0.388882393442197
794 129 1 0.388882393442197
711 887 1 0.388882393442197
912 312 1 0.388882393442197
369 166 1 0.388882393442197
693 140 1 0.388882393442197
361 987 1 0.388882393442197
60 124 1 0.388882393442197
601 546 1 0.388882393442197
118 235 1 0.388882393442197
257 482 1 0.388882393442197
629 814 1 0.388882393442197
521 410 1 0.388882393442197
145 616 1 0.388882393442197
505 750 1 0.388882393442197
647 819 1 0.388882393442197
67 450 1 0.388882393442197
572 893 1 0.388882393442197
721 340 1 0.388882393442197
248 476 1 0.388882393442197
193 283 1 0.388882393442197
350 630 1 0.388882393442197
447 310 1 0.388882393442197
792 897 1 0.388882393442197
95 260 1 0.388882393442197
991 151 1 0.388882393442197
898 69 1 0.388882393442197
971 124 1 0.388882393442197
949 282 1 0.388882393442197
333 476 1 0.388882393442197
588 935 1 0.388882393442197
206 655 1 0.388882393442197
677 221 1 0.388882393442197
356 987 1 0.388882393442197
4 198 1 0.388882393442197
863 610 1 0.388882393442197
754 401 1 0.388882393442197
80 957 1 0.388882393442197
842 717 1 0.388882393442197
893 345 1 0.388882393442197
390 940 1 0.388882393442197
529 708 1 0.388882393442197
699 899 1 0.388882393442197
491 448 1 0.388882393442197
157 169 1 0.388882393442197
920 664 1 0.388882393442197
439 386 1 0.388882393442197
14 587 1 0.388882393442197
822 359 1 0.388882393442197
867 38 1 0.388882393442197
710 598 1 0.388882393442197
185 479 1 0.388882393442197
560 783 1 0.388882393442197
967 758 1 0.388882393442197
493 952 1 0.388882393442197
0 32 1 0.388882393442197
936 801 1 0.388882393442197
759 42 1 0.388882393442197
511 618 1 0.388882393442197
564 506 1 0.388882393442197
823 555 1 0.388882393442197
538 584 1 0.388882393442197
369 357 1 0.388882393442197
671 119 1 0.388882393442197
921 836 1 0.388882393442197
450 505 1 0.388882393442197
485 855 1 0.388882393442197
583 55 1 0.388882393442197
627 622 1 0.388882393442197
290 925 1 0.388882393442197
497 523 1 0.388882393442197
476 112 1 0.388882393442197
5 788 1 0.388882393442197
634 815 1 0.388882393442197
250 115 1 0.388882393442197
599 773 1 0.388882393442197
360 375 1 0.388882393442197
874 752 1 0.388882393442197
875 126 1 0.388882393442197
64 456 1 0.388882393442197
996 643 1 0.388882393442197
630 309 1 0.388882393442197
755 359 1 0.388882393442197
580 119 1 0.388882393442197
4 716 1 0.388882393442197
621 360 1 0.388882393442197
956 748 1 0.388882393442197
260 147 1 0.388882393442197
62 774 1 0.388882393442197
941 778 1 0.388882393442197
591 545 1 0.388882393442197
256 895 1 0.388882393442197
446 171 1 0.388882393442197
426 855 1 0.388882393442197
135 882 1 0.388882393442197
845 633 1 0.388882393442197
806 336 1 0.388882393442197
485 924 1 0.388882393442197
290 716 1 0.388882393442197
868 223 1 0.388882393442197
637 807 1 0.388882393442197
602 51 1 0.388882393442197
368 502 1 0.388882393442197
46 737 1 0.388882393442197
544 959 1 0.388882393442197
561 32 1 0.388882393442197
846 229 1 0.388882393442197
819 613 1 0.388882393442197
213 357 1 0.388882393442197
533 486 1 0.388882393442197
439 995 1 0.388882393442197
978 683 1 0.388882393442197
505 74 1 0.388882393442197
492 962 1 0.388882393442197
302 318 1 0.388882393442197
702 293 1 0.388882393442197
914 168 1 0.388882393442197
305 567 1 0.388882393442197
293 960 1 0.388882393442197
659 618 1 0.388882393442197
550 996 1 0.388882393442197
591 338 1 0.388882393442197
592 399 1 0.388882393442197
89 254 1 0.388882393442197
612 733 1 0.388882393442197
608 937 1 0.388882393442197
486 163 1 0.388882393442197
617 982 1 0.388882393442197
406 579 1 0.388882393442197
375 86 1 0.388882393442197
598 181 1 0.388882393442197
567 7 1 0.388882393442197
944 394 1 0.388882393442197
734 735 1 0.388882393442197
856 151 1 0.388882393442197
204 910 1 0.388882393442197
61 346 1 0.388882393442197
274 549 1 0.388882393442197
849 249 1 0.388882393442197
521 44 1 0.388882393442197
84 801 1 0.388882393442197
133 97 1 0.388882393442197
543 928 1 0.388882393442197
663 153 1 0.388882393442197
138 79 1 0.388882393442197
110 590 1 0.388882393442197
409 204 1 0.388882393442197
903 346 1 0.388882393442197
245 304 1 0.388882393442197
756 713 1 0.388882393442197
882 256 1 0.388882393442197
670 91 1 0.388882393442197
313 940 1 0.388882393442197
909 528 1 0.388882393442197
56 590 1 0.388882393442197
943 668 1 0.388882393442197
677 230 1 0.388882393442197
204 138 1 0.388882393442197
906 678 1 0.388882393442197
757 155 1 0.388882393442197
999 39 1 0.388882393442197
954 887 1 0.388882393442197
951 545 1 0.388882393442197
706 205 1 0.388882393442197
449 336 1 0.388882393442197
836 496 1 0.388882393442197
878 487 1 0.388882393442197
162 129 1 0.388882393442197
942 27 1 0.388882393442197
681 296 1 0.388882393442197
228 290 1 0.388882393442197
83 557 1 0.388882393442197
552 612 1 0.388882393442197
641 995 1 0.388882393442197
229 654 1 0.388882393442197
575 370 1 0.388882393442197
943 345 1 0.388882393442197
284 501 1 0.388882393442197
531 437 1 0.388882393442197
370 1 1 0.388882393442197
736 761 1 0.388882393442197
977 401 1 0.388882393442197
190 947 1 0.388882393442197
724 38 1 0.388882393442197
114 716 1 0.388882393442197
993 397 1 0.388882393442197
969 246 1 0.388882393442197
740 741 1 0.388882393442197
822 281 1 0.388882393442197
589 42 1 0.388882393442197
722 324 1 0.388882393442197
953 695 1 0.388882393442197
472 959 1 0.388882393442197
384 200 1 0.388882393442197
765 273 1 0.388882393442197
97 140 1 0.388882393442197
388 483 1 0.388882393442197
137 183 1 0.388882393442197
667 873 1 0.388882393442197
677 657 1 0.388882393442197
905 985 1 0.388882393442197
821 232 1 0.388882393442197
704 613 1 0.388882393442197
651 708 1 0.388882393442197
726 651 1 0.388882393442197
941 958 1 0.388882393442197
200 580 1 0.388882393442197
225 680 1 0.388882393442197
526 426 1 0.388882393442197
693 22 1 0.388882393442197
846 50 1 0.388882393442197
562 104 1 0.388882393442197
367 391 1 0.388882393442197
35 395 1 0.388882393442197
661 414 1 0.388882393442197
448 44 1 0.388882393442197
891 417 1 0.388882393442197
388 467 1 0.388882393442197
654 149 1 0.388882393442197
472 172 1 0.388882393442197
135 199 1 0.388882393442197
783 963 1 0.388882393442197
305 655 1 0.388882393442197
180 901 1 0.388882393442197
258 415 1 0.388882393442197
584 897 1 0.388882393442197
518 905 1 0.388882393442197
381 166 1 0.388882393442197
553 72 1 0.388882393442197
694 979 1 0.388882393442197
144 736 1 0.388882393442197
817 239 1 0.388882393442197
271 548 1 0.388882393442197
793 607 1 0.388882393442197
398 247 1 0.388882393442197
393 495 1 0.388882393442197
814 32 1 0.388882393442197
742 855 1 0.388882393442197
454 298 1 0.388882393442197
496 277 1 0.388882393442197
62 978 1 0.388882393442197
393 263 1 0.388882393442197
832 958 1 0.388882393442197
277 611 1 0.388882393442197
519 697 1 0.388882393442197
612 214 1 0.388882393442197
648 114 1 0.388882393442197
77 111 1 0.388882393442197
665 229 1 0.388882393442197
101 490 1 0.388882393442197
92 858 1 0.388882393442197
435 472 1 0.388882393442197
812 354 1 0.388882393442197
541 223 1 0.388882393442197
443 653 1 0.388882393442197
273 389 1 0.388882393442197
292 448 1 0.388882393442197
344 686 1 0.388882393442197
58 988 1 0.388882393442197
36 358 1 0.388882393442197
541 91 1 0.388882393442197
242 748 1 0.388882393442197
678 749 1 0.388882393442197
835 788 1 0.388882393442197
833 801 1 0.388882393442197
785 615 1 0.388882393442197
140 123 1 0.388882393442197
232 661 1 0.388882393442197
532 616 1 0.388882393442197
252 77 1 0.388882393442197
495 1 1 0.388882393442197
572 877 1 0.388882393442197
729 162 1 0.388882393442197
140 596 1 0.388882393442197
223 120 1 0.388882393442197
958 133 1 0.388882393442197
711 219 1 0.388882393442197
921 614 1 0.388882393442197
858 960 1 0.388882393442197
123 987 1 0.388882393442197
844 333 1 0.388882393442197
820 273 1 0.388882393442197
727 871 1 0.388882393442197
968 951 1 0.388882393442197
803 439 1 0.388882393442197
748 773 1 0.388882393442197
343 378 1 0.388882393442197
726 764 1 0.388882393442197
440 412 1 0.388882393442197
709 520 1 0.388882393442197
663 181 1 0.388882393442197
991 256 1 0.388882393442197
881 336 1 0.388882393442197
995 136 1 0.388882393442197
602 377 1 0.388882393442197
154 788 1 0.388882393442197
950 812 1 0.388882393442197
147 626 1 0.388882393442197
705 62 1 0.388882393442197
979 822 1 0.388882393442197
399 261 1 0.388882393442197
441 959 1 0.388882393442197
193 759 1 0.388882393442197
171 394 1 0.388882393442197
743 942 1 0.388882393442197
147 787 1 0.388882393442197
787 463 1 0.388882393442197
753 259 1 0.388882393442197
271 859 1 0.388882393442197
228 7 1 0.388882393442197
979 839 1 0.388882393442197
313 208 1 0.388882393442197
943 576 1 0.388882393442197
629 704 1 0.388882393442197
103 612 1 0.388882393442197
184 505 1 0.388882393442197
22 208 1 0.388882393442197
465 819 1 0.388882393442197
917 66 1 0.388882393442197
746 382 1 0.388882393442197
719 246 1 0.388882393442197
95 155 1 0.388882393442197
868 460 1 0.388882393442197
674 245 1 0.388882393442197
459 873 1 0.388882393442197
550 92 1 0.388882393442197
25 775 1 0.388882393442197
120 43 1 0.388882393442197
933 850 1 0.388882393442197
597 463 1 0.388882393442197
0 375 1 0.388882393442197
123 372 1 0.388882393442197
734 825 1 0.388882393442197
276 33 1 0.388882393442197
365 646 1 0.388882393442197
961 148 1 0.388882393442197
328 506 1 0.388882393442197
947 159 1 0.388882393442197
115 448 1 0.388882393442197
226 867 1 0.388882393442197
531 334 1 0.388882393442197
917 852 1 0.388882393442197
694 570 1 0.388882393442197
760 466 1 0.388882393442197
766 412 1 0.388882393442197
523 330 1 0.388882393442197
766 432 1 0.388882393442197
823 876 1 0.388882393442197
272 985 1 0.388882393442197
852 964 1 0.388882393442197
757 320 1 0.388882393442197
773 204 1 0.388882393442197
728 862 1 0.388882393442197
348 826 1 0.388882393442197
452 119 1 0.388882393442197
541 634 1 0.388882393442197
888 428 1 0.388882393442197
821 892 1 0.388882393442197
537 379 1 0.388882393442197
618 372 1 0.388882393442197
488 625 1 0.388882393442197
942 592 1 0.388882393442197
729 487 1 0.388882393442197
855 7 1 0.388882393442197
971 170 1 0.388882393442197
139 978 1 0.388882393442197
160 621 1 0.388882393442197
195 176 1 0.388882393442197
637 335 1 0.388882393442197
332 569 1 0.388882393442197
718 983 1 0.388882393442197
846 419 1 0.388882393442197
520 958 1 0.388882393442197
370 780 1 0.388882393442197
962 251 1 0.388882393442197
941 246 1 0.388882393442197
242 734 1 0.388882393442197
294 147 1 0.388882393442197
433 864 1 0.388882393442197
94 222 1 0.388882393442197
53 318 1 0.388882393442197
600 127 1 0.388882393442197
65 910 1 0.388882393442197
280 145 1 0.388882393442197
507 556 1 0.388882393442197
904 701 1 0.388882393442197
736 623 1 0.388882393442197
541 989 1 0.388882393442197
573 305 1 0.388882393442197
995 789 1 0.388882393442197
390 232 1 0.388882393442197
865 616 1 0.388882393442197
812 557 1 0.388882393442197
827 790 1 0.388882393442197
859 717 1 0.388882393442197
540 587 1 0.388882393442197
745 563 1 0.388882393442197
553 224 1 0.388882393442197
632 299 1 0.388882393442197
80 875 1 0.388882393442197
955 976 1 0.388882393442197
618 407 1 0.388882393442197
151 643 1 0.388882393442197
49 727 1 0.388882393442197
920 57 1 0.388882393442197
924 248 1 0.388882393442197
553 121 1 0.388882393442197
8 16 1 0.388882393442197
781 58 1 0.388882393442197
504 146 1 0.388882393442197
435 528 1 0.388882393442197
246 215 1 0.388882393442197
76 804 1 0.388882393442197
106 265 1 0.388882393442197
941 205 1 0.388882393442197
8 215 1 0.388882393442197
541 4 1 0.388882393442197
592 196 1 0.388882393442197
896 531 1 0.388882393442197
345 341 1 0.388882393442197
682 286 1 0.388882393442197
964 831 1 0.388882393442197
998 0 1 0.388882393442197
236 693 1 0.388882393442197
50 54 1 0.388882393442197
803 415 1 0.388882393442197
952 197 1 0.388882393442197
421 304 1 0.388882393442197
734 0 1 0.388882393442197
625 234 1 0.388882393442197
44 850 1 0.388882393442197
629 778 1 0.388882393442197
180 368 1 0.388882393442197
1 391 1 0.388882393442197
139 656 1 0.388882393442197
244 259 1 0.388882393442197
884 543 1 0.388882393442197
58 999 1 0.388882393442197
375 115 1 0.388882393442197
3 808 1 0.388882393442197
751 216 1 0.388882393442197
629 798 1 0.388882393442197
740 669 1 0.388882393442197
480 239 1 0.388882393442197
92 143 1 0.388882393442197
737 141 1 0.388882393442197
371 272 1 0.388882393442197
92 280 1 0.388882393442197
414 340 1 0.388882393442197
131 942 1 0.388882393442197
121 60 1 0.388882393442197
306 163 1 0.388882393442197
34 698 1 0.388882393442197
322 54 1 0.388882393442197
795 312 1 0.388882393442197
670 778 1 0.388882393442197
637 613 1 0.388882393442197
766 760 1 0.388882393442197
433 391 1 0.388882393442197
828 562 1 0.388882393442197
955 445 1 0.388882393442197
337 740 1 0.388882393442197
878 399 1 0.388882393442197
472 178 1 0.388882393442197
695 502 1 0.388882393442197
969 598 1 0.388882393442197
607 104 1 0.388882393442197
549 660 1 0.388882393442197
469 977 1 0.388882393442197
43 277 1 0.388882393442197
425 331 1 0.388882393442197
30 130 1 0.388882393442197
764 952 1 0.388882393442197
247 587 1 0.388882393442197
82 236 1 0.388882393442197
447 513 1 0.388882393442197
430 687 1 0.388882393442197
402 455 1 0.388882393442197
615 533 1 0.388882393442197
189 689 1 0.388882393442197
320 727 1 0.388882393442197
919 877 1 0.388882393442197
106 109 1 0.388882393442197
873 152 1 0.388882393442197
783 830 1 0.388882393442197
453 430 1 0.388882393442197
939 257 1 0.388882393442197
899 166 1 0.388882393442197
548 241 1 0.388882393442197
552 697 1 0.388882393442197
512 518 1 0.388882393442197
340 171 1 0.388882393442197
631 807 1 0.388882393442197
433 888 1 0.388882393442197
355 990 1 0.388882393442197
777 615 1 0.388882393442197
704 364 1 0.388882393442197
516 855 1 0.388882393442197
765 129 1 0.388882393442197
821 719 1 0.388882393442197
878 513 1 0.388882393442197
746 56 1 0.388882393442197
39 297 1 0.388882393442197
775 691 1 0.388882393442197
150 299 1 0.388882393442197
728 49 1 0.388882393442197
501 343 1 0.388882393442197
990 830 1 0.388882393442197
291 40 1 0.388882393442197
330 784 1 0.388882393442197
720 593 1 0.388882393442197
224 419 1 0.388882393442197
469 695 1 0.388882393442197
368 898 1 0.388882393442197
653 104 1 0.388882393442197
64 226 1 0.388882393442197
146 205 1 0.388882393442197
199 965 1 0.388882393442197
947 536 1 0.388882393442197
702 731 1 0.388882393442197
5 192 1 0.388882393442197
192 592 1 0.388882393442197
687 918 1 0.388882393442197
529 819 1 0.388882393442197
804 448 1 0.388882393442197
486 821 1 0.388882393442197