240 275 1 0.388882393442197
57 710 1 0.388882393442197
871 18 1 0.388882393442197
600 600 1 0.388882393442197
186 606 1 0.388882393442197
643 256 1 0.388882393442197
361 906 1 0.388882393442197
915 256 1 0.388882393442197
266 209 1 0.388882393442197
394 689 1 0.388882393442197
514 68 1 0.388882393442197
631 52 1 0.388882393442197
634 793 1 0.388882393442197
812 50 1 0.388882393442197
627 272 1 0.388882393442197
284 37 1 0.388882393442197
549 309 1 0.388882393442197
68 574 1 0.388882393442197
405 667 1 0.388882393442197
508 901 1 0.388882393442197
930 14 1 0.388882393442197
378 178 1 0.388882393442197
328 620 1 0.388882393442197
857 331 1 0.388882393442197
615 562 1 0.388882393442197
280 633 1 0.388882393442197
232 698 1 0.388882393442197
879 314 1 0.388882393442197
926 302 1 0.388882393442197
520 803 1 0.388882393442197
938 761 1 0.388882393442197
140 326 1 0.388882393442197
6 475 1 0.388882393442197
12 237 1 0.388882393442197
82 230 1 0.388882393442197
637 9 1 0.388882393442197
179 188 1 0.388882393442197
508 59 1 0.388882393442197
115 923 1 0.388882393442197
997 273 1 0.388882393442197
622 949 1 0.388882393442197
552 914 1 0.388882393442197
869 261 1 0.388882393442197
215 158 1 0.388882393442197
22 558 1 0.388882393442197
628 841 1 0.388882393442197
39 713 1 0.388882393442197
836 535 1 0.388882393442197
150 700 1 0.388882393442197
936 258 1 0.388882393442197
611 866 1 0.388882393442197
485 569 1 0.388882393442197
847 673 1 0.388882393442197
386 146 1 0.388882393442197
228 343 1 0.388882393442197
163 889 1 0.388882393442197
49 868 1 0.388882393442197
147 4 1 0.388882393442197
484 311 1 0.388882393442197
158 402 1 0.388882393442197
379 764 1 0.388882393442197
112 317 1 0.388882393442197
659 935 1 0.388882393442197
83 544 1 0.388882393442197
976 643 1 0.388882393442197
988 854 1 0.388882393442197
927 421 1 0.388882393442197
53 498 1 0.388882393442197
401 790 1 0.388882393442197
904 846 1 0.388882393442197
529 522 1 0.388882393442197
586 491 1 0.388882393442197
773 723 1 0.388882393442197
317 299 1 0.388882393442197
50 284 1 0.388882393442197
298 485 1 0.388882393442197
391 735 1 0.388882393442197
610 645 1 0.388882393442197
292 172 1 0.388882393442197
255 680 1 0.388882393442197
203 674 1 0.388882393442197
320 648 1 0.388882393442197
230 223 1 0.388882393442197
514 976 1 0.388882393442197
90 950 1 0.388882393442197
513 913 1 0.388882393442197
724 293 1 0.388882393442197
65 260 1 0.388882393442197
455 978 1 0.388882393442197
363 261 1 0.388882393442197
617 475 1 0.388882393442197
147 5 1 0.388882393442197
729 740 1 0.388882393442197
103 424 1 0.388882393442197
404 331 1 0.388882393442197
617 28 1 0.388882393442197
728 942 1 0.388882393442197
629 929 1 0.388882393442197
415 431 1 0.388882393442197
907 241 1 0.388882393442197
162 289 1 0.388882393442197
129 427 1 0.388882393442197
67 212 1 0.388882393442197
631 279 1 0.388882393442197
127 978 1 0.388882393442197
175 958 1 0.388882393442197
632 840 1 0.388882393442197
203 752 1 0.388882393442197
874 375 1 0.388882393442197
364 948 1 0.388882393442197
115 403 1 0.388882393442197
166 229 1 0.388882393442197
172 833 1 0.388882393442197
969 413 1 0.388882393442197
496 374 1 0.388882393442197
36 756 1 0.388882393442197
489 105 1 0.388882393442197
32 290 1 0.388882393442197
543 668 1 0.388882393442197
478 101 1 0.388882393442197
99 881 1 0.388882393442197
575 525 1 0.388882393442197
882 261 1 0.388882393442197
791 303 1 0.388882393442197
319 352 1 0.388882393442197
593 937 1 0.388882393442197
345 490 1 0.388882393442197
975 957 1 0.388882393442197
95 670 1 0.388882393442197
787 473 1 0.388882393442197
855 962 1 0.388882393442197
847 237 1 0.388882393442197
949 788 1 0.388882393442197
605 867 1 0.388882393442197
294 343 1 0.388882393442197
429 951 1 0.388882393442197
218 445 1 0.388882393442197
604 792 1 0.388882393442197
843 124 1 0.388882393442197
778 183 1 0.388882393442197
644 286 1 0.388882393442197
871 24 1 0.388882393442197
46 91 1 0.388882393442197
581 174 1 0.388882393442197
296 325 1 0.388882393442197
456 303 1 0.388882393442197
610 984 1 0.388882393442197
39 475 1 0.388882393442197
677 606 1 0.388882393442197
101 866 1 0.388882393442197
796 75 1 0.388882393442197
966 227 1 0.388882393442197
139 404 1 0.388882393442197
421 585 1 0.388882393442197
335 126 1 0.388882393442197
967 760 1 0.388882393442197
440 989 1 0.388882393442197
551 127 1 0.388882393442197
770 764 1 0.388882393442197
702 906 1 0.388882393442197
799 975 1 0.388882393442197
837 277 1 0.388882393442197
387 79 1 0.388882393442197
861 184 1 0.388882393442197
370 142 1 0.388882393442197
160 670 1 0.388882393442197
879 330 1 0.388882393442197
438 626 1 0.388882393442197
488 566 1 0.388882393442197
840 904 1 0.388882393442197
745 890 1 0.388882393442197
877 909 1 0.388882393442197
515 78 1 0.388882393442197
347 125 1 0.388882393442197
829 377 1 0.388882393442197
983 393 1 0.388882393442197
570 432 1 0.388882393442197
381 575 1 0.388882393442197
570 738 1 0.388882393442197
317 346 1 0.388882393442197
381 30 1 0.388882393442197
780 220 1 0.388882393442197
50 772 1 0.388882393442197
111 544 1 0.388882393442197
943 829 1 0.388882393442197
496 793 1 0.388882393442197
974 190 1 0.388882393442197
622 816 1 0.388882393442197
197 521 1 0.388882393442197
888 40 1 0.388882393442197
281 743 1 0.388882393442197
739 40 1 0.388882393442197
588 913 1 0.388882393442197
55 365 1 0.388882393442197
519 948 1 0.388882393442197
459 458 1 0.388882393442197
423 89 1 0.388882393442197
209 441 1 0.388882393442197
767 244 1 0.388882393442197
717 739 1 0.388882393442197
608 871 1 0.388882393442197
736 180 1 0.388882393442197
645 58 1 0.388882393442197
131 571 1 0.388882393442197
828 721 1 0.388882393442197
414 533 1 0.388882393442197
172 817 1 0.388882393442197
85 991 1 0.388882393442197
744 650 1 0.388882393442197
677 799 1 0.388882393442197
311 652 1 0.388882393442197
96 653 1 0.388882393442197
698 238 1 0.388882393442197
272 221 1 0.388882393442197
713 292 1 0.388882393442197
301 838 1 0.388882393442197
701 513 1 0.388882393442197
580 352 1 0.388882393442197
910 621 1 0.388882393442197
714 3 1 0.388882393442197
485 582 1 0.388882393442197
678 167 1 0.388882393442197
118 76 1 0.388882393442197
639 246 1 0.388882393442197
978 100 1 0.388882393442197
616 321 1 0.388882393442197
259 832 1 0.388882393442197
415 297 1 0.388882393442197
873 608 1 0.388882393442197
793 575 1 0.388882393442197
831 970 1 0.388882393442197
504 252 1 0.388882393442197
541 985 1 0.388882393442197
248 384 1 0.388882393442197
59 176 1 0.388882393442197
568 803 1 0.388882393442197
180 457 1 0.388882393442197
965 873 1 0.388882393442197
624 577 1 0.388882393442197
862 258 1 0.388882393442197
100 599 1 0.388882393442197
785 659 1 0.388882393442197
131 597 1 0.388882393442197
752 551 1 0.388882393442197
381 466 1 0.388882393442197
442 83 1 0.388882393442197
816 191 1 0.388882393442197
821 301 1 0.388882393442197
167 192 1 0.388882393442197
426 730 1 0.388882393442197
518 424 1 0.388882393442197
784 798 1 0.388882393442197
19 435 1 0.388882393442197
13 992 1 0.388882393442197
72 693 1 0.388882393442197
275 199 1 0.388882393442197
296 485 1 0.388882393442197
99 727 1 0.388882393442197
574 40 1 0.388882393442197
718 814 1 0.388882393442197
614 569 1 0.388882393442197
513 688 1 0.388882393442197
751 961 1 0.388882393442197
278 927 1 0.388882393442197
942 911 1 0.388882393442197
724 126 1 0.388882393442197
848 946 1 0.388882393442197
421 823 1 0.388882393442197
586 194 1 0.388882393442197
75 905 1 0.388882393442197
457 495 1 0.388882393442197
372 131 1 0.388882393442197
497 499 1 0.388882393442197
691 631 1 0.388882393442197
541 938 1 0.388882393442197
844 163 1 0.388882393442197
741 60 1 0.388882393442197
387 445 1 0.388882393442197
115 804 1 0.388882393442197
43 619 1 0.388882393442197
683 593 1 0.388882393442197
872 538 1 0.388882393442197
417 139 1 0.388882393442197
890 16 1 0.388882393442197
836 694 1 0.388882393442197
32 797 1 0.388882393442197
877 412 1 0.388882393442197
179 807 1 0.388882393442197
474 968 1 0.388882393442197
258 39 1 0.388882393442197
903 826 1 0.388882393442197
886 474 1 0.388882393442197
754 993 1 0.388882393442197
871 708 1 0.388882393442197
358 1 1 0.388882393442197
866 918 1 0.388882393442197
799 522 1 0.388882393442197
503 186 1 0.388882393442197
463 481 1 0.388882393442197
86 343 1 0.388882393442197
726 544 1 0.388882393442197
494 578 1 0.388882393442197
355 991 1 0.388882393442197
512 590 1 0.388882393442197
336 134 1 0.388882393442197
123 636 1 0.388882393442197
508 860 1 0.388882393442197
198 755 1 0.388882393442197
192 585 1 0.388882393442197
221 511 1 0.388882393442197
618 843 1 0.388882393442197
804 927 1 0.388882393442197
626 147 1 0.388882393442197
845 138 1 0.388882393442197
939 68 1 0.388882393442197
129 612 1 0.388882393442197
176 58 1 0.388882393442197
697 430 1 0.388882393442197
619 708 1 0.388882393442197
744 61 1 0.388882393442197
663 571 1 0.388882393442197
947 909 1 0.388882393442197
547 763 1 0.388882393442197
287 879 1 0.388882393442197
116 604 1 0.388882393442197
674 553 1 0.388882393442197
863 359 1 0.388882393442197
179 637 1 0.388882393442197
968 841 1 0.388882393442197
115 349 1 0.388882393442197
400 157 1 0.388882393442197
238 927 1 0.388882393442197
263 614 1 0.388882393442197
87 300 1 0.388882393442197
742 325 1 0.388882393442197
564 193 1 0.388882393442197
137 267 1 0.388882393442197
12 496 1 0.388882393442197
819 972 1 0.388882393442197
77 821 1 0.388882393442197
895 599 1 0.388882393442197
710 529 1 0.388882393442197
96 817 1 0.388882393442197
998 659 1 0.388882393442197
413 844 1 0.388882393442197
20 417 1 0.388882393442197
341 660 1 0.388882393442197
354 545 1 0.388882393442197
291 443 1 0.388882393442197
823 243 1 0.388882393442197
313 584 1 0.388882393442197
985 151 1 0.388882393442197
5 794 1 0.388882393442197
350 609 1 0.388882393442197
812 827 1 0.388882393442197
825 889 1 0.388882393442197
110 431 1 0.388882393442197
972 255 1 0.388882393442197
129 352 1 0.388882393442197
363 526 1 0.388882393442197
937 988 1 0.388882393442197
863 164 1 0.388882393442197
271 187 1 0.388882393442197
938 881 1 0.388882393442197
81 823 1 0.388882393442197
309 542 1 0.388882393442197
390 551 1 0.388882393442197
440 356 1 0.388882393442197
515 343 1 0.388882393442197
728 33 1 0.388882393442197
407 888 1 0.388882393442197
908 622 1 0.388882393442197
400 984 1 0.388882393442197
113 9 1 0.388882393442197
667 132 1 0.388882393442197
796 185 1 0.388882393442197
481 402 1 0.388882393442197
116 420 1 0.388882393442197
575 559 1 0.388882393442197
366 544 1 0.388882393442197
529 201 1 0.388882393442197
74 346 1 0.388882393442197
424 863 1 0.388882393442197
681 109 1 0.388882393442197
794 268 1 0.388882393442197
637 724 1 0.388882393442197
203 789 1 0.388882393442197
87 6 1 0.388882393442197
813 513 1 0.388882393442197
278 825 1 0.388882393442197
189 370 1 0.388882393442197
717 694 1 0.388882393442197
535 749 1 0.388882393442197
259 738 1 0.388882393442197
907 770 1 0.388882393442197
783 746 1 0.388882393442197
459 871 1 0.388882393442197
59 975 1 0.388882393442197
511 377 1 0.388882393442197
64 56 1 0.388882393442197
66 109 1 0.388882393442197
979 510 1 0.388882393442197
191 669 1 0.388882393442197
277 380 1 0.388882393442197
668 749 1 0.388882393442197
930 13 1 0.388882393442197
587 431 1 0.388882393442197
492 83 1 0.388882393442197
325 40 1 0.388882393442197
736 357 1 0.388882393442197
328 64 1 0.388882393442197
52 852 1 0.388882393442197
597 366 1 0.388882393442197
795 60 1 0.388882393442197
266 541 1 0.388882393442197
140 794 1 0.388882393442197
961 443 1 0.388882393442197
607 906 1 0.388882393442197
174 333 1 0.388882393442197
924 407 1 0.388882393442197
35 788 1 0.388882393442197
183 302 1 0.388882393442197
971 971 1 0.388882393442197
783 518 1 0.388882393442197
906 651 1 0.388882393442197
772 907 1 0.388882393442197
773 621 1 0.388882393442197
596 964 1 0.388882393442197
263 687 1 0.388882393442197
597 732 1 0.388882393442197
823 984 1 0.388882393442197
309 160 1 0.388882393442197
637 879 1 0.388882393442197
223 95 1 0.388882393442197
895 491 1 0.388882393442197
794 64 1 0.388882393442197
926 722 1 0.388882393442197
202 417 1 0.388882393442197
66 716 1 0.388882393442197
650 284 1 0.388882393442197
661 723 1 0.388882393442197
483 209 1 0.388882393442197
29 203 1 0.388882393442197
391 252 1 0.388882393442197
829 273 1 0.388882393442197
323 321 1 0.388882393442197
442 326 1 0.388882393442197
180 666 1 0.388882393442197
135 489 1 0.388882393442197
226 927 1 0.388882393442197
985 162 1 0.388882393442197
892 313 1 0.388882393442197
177 858 1 0.388882393442197
258 84 1 0.388882393442197
560 597 1 0.388882393442197
316 166 1 0.388882393442197
974 567 1 0.388882393442197
77 135 1 0.388882393442197
702 419 1 0.388882393442197
571 284 1 0.388882393442197
920 313 1 0.388882393442197
751 540 1 0.388882393442197
293 728 1 0.388882393442197
650 226 1 0.388882393442197
771 654 1 0.388882393442197
249 289 1 0.388882393442197
643 36 1 0.388882393442197
525 162 1 0.388882393442197
747 170 1 0.388882393442197
601 666 1 0.388882393442197
8 911 1 0.388882393442197
390 449 1 0.388882393442197
586 366 1 0.388882393442197
521 572 1 0.388882393442197
168 82 1 0.388882393442197
484 975 1 0.388882393442197
815 264 1 0.388882393442197
369 904 1 0.388882393442197
999 17 1 0.388882393442197
515 375 1 0.388882393442197
308 397 1 0.388882393442197
361 316 1 0.388882393442197
613 131 1 0.388882393442197
978 192 1 0.388882393442197
899 68 1 0.388882393442197
629 383 1 0.388882393442197
423 891 1 0.388882393442197
904 327 1 0.388882393442197
748 324 1 0.388882393442197
41 635 1 0.388882393442197
942 634 1 0.388882393442197
387 496 1 0.388882393442197
396 448 1 0.388882393442197
145 178 1 0.388882393442197
53 419 1 0.388882393442197
576 255 1 0.388882393442197
969 686 1 0.388882393442197
856 713 1 0.388882393442197
631 159 1 0.388882393442197
985 627 1 0.388882393442197
401 644 1 0.388882393442197
876 38 1 0.388882393442197
104 712 1 0.388882393442197
960 332 1 0.388882393442197
913 312 1 0.388882393442197
15 651 1 0.388882393442197
769 528 1 0.388882393442197
97 729 1 0.388882393442197
324 276 1 0.388882393442197
412 786 1 0.388882393442197
200 349 1 0.388882393442197
879 724 1 0.388882393442197
65 433 1 0.388882393442197
451 511 1 0.388882393442197
852 548 1 0.388882393442197
623 111 1 0.388882393442197
875 963 1 0.388882393442197
778 429 1 0.388882393442197
633 518 1 0.388882393442197
204 64 1 0.388882393442197
826 185 1 0.388882393442197
561 362 1 0.388882393442197
607 672 1 0.388882393442197
193 430 1 0.388882393442197
368 346 1 0.388882393442197
642 33 1 0.388882393442197
369 742 1 0.388882393442197
395 58 1 0.388882393442197
541 143 1 0.388882393442197
10 253 1 0.388882393442197
684 956 1 0.388882393442197
90 679 1 0.388882393442197
391 158 1 0.388882393442197
966 557 1 0.388882393442197
15 853 1 0.388882393442197
775 500 1 0.388882393442197
120 767 1 0.388882393442197
522 209 1 0.388882393442197
889 179 1 0.388882393442197
989 610 1 0.388882393442197
879 348 1 0.388882393442197
19 560 1 0.388882393442197
823 331 1 0.388882393442197
115 27 1 0.388882393442197
550 306 1 0.388882393442197
637 838 1 0.388882393442197
826 285 1 0.388882393442197
303 462 1 0.388882393442197
388 128 1 0.388882393442197
340 57 1 0.388882393442197
906 986 1 0.388882393442197
67 995 1 0.388882393442197
61 974 1 0.388882393442197
123 458 1 0.388882393442197
549 463 1 0.388882393442197
946 672 1 0.388882393442197
641 849 1 0.388882393442197
53 550 1 0.388882393442197
631 719 1 0.388882393442197
583 36 1 0.388882393442197
16 39 1 0.388882393442197
495 426 1 0.388882393442197
28 921 1 0.388882393442197
588 226 1 0.388882393442197
126 714 1 0.388882393442197
0 456 1 0.388882393442197
895 536 1 0.388882393442197
55 625 1 0.388882393442197
590 378 1 0.388882393442197
189 454 1 0.388882393442197
408 250 1 0.388882393442197
909 15 1 0.388882393442197
321 163 1 0.388882393442197
849 977 1 0.388882393442197
452 921 1 0.388882393442197
818 678 1 0.388882393442197
629 936 1 0.388882393442197
920 410 1 0.388882393442197
730 177 1 0.388882393442197
218 600 1 0.388882393442197
757 775 1 0.388882393442197
820 382 1 0.388882393442197
728 485 1 0.388882393442197
841 418 1 0.388882393442197
660 596 1 0.388882393442197
609 837 1 0.388882393442197
697 726 1 0.388882393442197
651 503 1 0.388882393442197
662 476 1 0.388882393442197
442 783 1 0.388882393442197
562 712 1 0.388882393442197
878 360 1 0.388882393442197
346 423 1 0.388882393442197
496 57 1 0.388882393442197
244 765 1 0.388882393442197
223 789 1 0.388882393442197
319 744 1 0.388882393442197
462 970 1 0.388882393442197
644 426 1 0.388882393442197
901 362 1 0.388882393442197
399 634 1 0.388882393442197
205 698 1 0.388882393442197
498 465 1 0.388882393442197
119 775 1 0.388882393442197
784 43 1 0.388882393442197
806 183 1 0.388882393442197
602 195 1 0.388882393442197
347 201 1 0.388882393442197
825 623 1 0.388882393442197
639 64 1 0.388882393442197
322 187 1 0.388882393442197
24 622 1 0.388882393442197
236 345 1 0.388882393442197
129 66 1 0.388882393442197
120 891 1 0.388882393442197
555 807 1 0.388882393442197
519 937 1 0.388882393442197
516 612 1 0.388882393442197
325 477 1 0.388882393442197
344 558 1 0.388882393442197
392 393 1 0.388882393442197
626 415 1 0.388882393442197
620 156 1 0.388882393442197
875 133 1 0.388882393442197
514 759 1 0.388882393442197
725 324 1 0.388882393442197
247 588 1 0.388882393442197
71 919 1 0.388882393442197
319 558 1 0.388882393442197
573 270 1 0.388882393442197
755 953 1 0.388882393442197
523 598 1 0.388882393442197
116 564 1 0.388882393442197
831 630 1 0.388882393442197
227 722 1 0.388882393442197
811 919 1 0.388882393442197
292 123 1 0.388882393442197
992 618 1 0.388882393442197
358 529 1 0.388882393442197
678 16 1 0.388882393442197
492 778 1 0.388882393442197
131 106 1 0.388882393442197
569 163 1 0.388882393442197
392 770 1 0.388882393442197
4 108 1 0.388882393442197
301 5 1 0.388882393442197
664 96 1 0.388882393442197
54 405 1 0.388882393442197
7 534 1 0.388882393442197
619 235 1 0.388882393442197
306 401 1 0.388882393442197
919 136 1 0.388882393442197
192 494 1 0.388882393442197
401 363 1 0.388882393442197
738 128 1 0.388882393442197
935 138 1 0.388882393442197
886 602 1 0.388882393442197
97 7 1 0.388882393442197
450 435 1 0.388882393442197
233 996 1 0.388882393442197
485 952 1 0.388882393442197
834 336 1 0.388882393442197
344 546 1 0.388882393442197
84 695 1 0.388882393442197
500 379 1 0.388882393442197
652 546 1 0.388882393442197
784 266 1 0.388882393442197
360 361 1 0.388882393442197
638 425 1 0.388882393442197
215 980 1 0.388882393442197
965 102 1 0.388882393442197
808 906 1 0.388882393442197
372 14 1 0.388882393442197
669 573 1 0.388882393442197
16 886 1 0.388882393442197
434 681 1 0.388882393442197
718 287 1 0.388882393442197
643 273 1 0.388882393442197
972 293 1 0.388882393442197
850 333 1 0.388882393442197
159 72 1 0.388882393442197
117 546 1 0.388882393442197
6 291 1 0.388882393442197
691 156 1 0.388882393442197
332 654 1 0.388882393442197
540 891 1 0.388882393442197
161 654 1 0.388882393442197
197 778 1 0.388882393442197
802 771 1 0.388882393442197
642 322 1 0.388882393442197
472 879 1 0.388882393442197
127 860 1 0.388882393442197
0 763 1 0.388882393442197
3 182 1 0.388882393442197
935 167 1 0.388882393442197
520 838 1 0.388882393442197
415 294 1 0.388882393442197
533 309 1 0.388882393442197
617 675 1 0.388882393442197
658 132 1 0.388882393442197
168 280 1 0.388882393442197
988 407 1 0.388882393442197
971 577 1 0.388882393442197
259 412 1 0.388882393442197
129 872 1 0.388882393442197
979 73 1 0.388882393442197
506 558 1 0.388882393442197
751 391 1 0.388882393442197
128 900 1 0.388882393442197
501 201 1 0.388882393442197
777 850 1 0.388882393442197
691 684 1 0.388882393442197
514 444 1 0.388882393442197
350 543 1 0.388882393442197
128 106 1 0.388882393442197
919 332 1 0.388882393442197
972 645 1 0.388882393442197
207 321 1 0.388882393442197
843 830 1 0.388882393442197
19 71 1 0.388882393442197
6 174 1 0.388882393442197
194 912 1 0.388882393442197
0 443 1 0.388882393442197
816 799 1 0.388882393442197
719 973 1 0.388882393442197
583 307 1 0.388882393442197
100 960 1 0.388882393442197
537 192 1 0.388882393442197
40 364 1 0.388882393442197
84 151 1 0.388882393442197
29 778 1 0.388882393442197
33 49 1 0.388882393442197
580 90 1 0.388882393442197
95 167 1 0.388882393442197
515 162 1 0.388882393442197
391 750 1 0.388882393442197
955 238 1 0.388882393442197
349 823 1 0.388882393442197
371 850 1 0.388882393442197
928 117 1 0.388882393442197
594 49 1 0.388882393442197
433 377 1 0.388882393442197
764 26 1 0.388882393442197
518 457 1 0.388882393442197
442 11 1 0.388882393442197
359 445 1 0.388882393442197
614 593 1 0.388882393442197
661 312 1 0.388882393442197
380 284 1 0.388882393442197
393 692 1 0.388882393442197
298 67 1 0.388882393442197
683 539 1 0.388882393442197
933 787 1 0.388882393442197
806 872 1 0.388882393442197
412 333 1 0.388882393442197
259 527 1 0.388882393442197
122 663 1 0.388882393442197
98 697 1 0.388882393442197
51 142 1 0.388882393442197
636 135 1 0.388882393442197
519 31 1 0.388882393442197
998 422 1 0.388882393442197
595 854 1 0.388882393442197
259 790 1 0.388882393442197
176 217 1 0.388882393442197
900 565 1 0.388882393442197
851 458 1 0.388882393442197
295 887 1 0.388882393442197
420 497 1 0.388882393442197
797 299 1 0.388882393442197
592 26 1 0.388882393442197
892 228 1 0.388882393442197
869 600 1 0.388882393442197
359 642 1 0.388882393442197
564 510 1 0.388882393442197
352 283 1 0.388882393442197
580 540 1 0.388882393442197
795 709 1 0.388882393442197
583 402 1 0.388882393442197
499 83 1 0.388882393442197
575 504 1 0.388882393442197
893 458 1 0.388882393442197
752 103 1 0.388882393442197
225 96 1 0.388882393442197
355 66 1 0.388882393442197
212 742 1 0.388882393442197
827 898 1 0.388882393442197
381 845 1 0.388882393442197
806 849 1 0.388882393442197
785 901 1 0.388882393442197
867 464 1 0.388882393442197
535 711 1 0.388882393442197
559 816 1 0.388882393442197
771 984 1 0.388882393442197
562 104 1 0.388882393442197
63 605 1 0.388882393442197
893 731 1 0.388882393442197
90 664 1 0.388882393442197
336 328 1 0.388882393442197
763 57 1 0.388882393442197
673 788 1 0.388882393442197
792 958 1 0.388882393442197
314 159 1 0.388882393442197
840 125 1 0.388882393442197
42 690 1 0.388882393442197
640 389 1 0.388882393442197
49 271 1 0.388882393442197
430 969 1 0.388882393442197
746 727 1 0.388882393442197
827 345 1 0.388882393442197
796 234 1 0.388882393442197
600 452 1 0.388882393442197
952 970 1 0.388882393442197
980 147 1 0.388882393442197
59 93 1 0.388882393442197
148 814 1 0.388882393442197
360 534 1 0.388882393442197
941 771 1 0.388882393442197
232 130 1 0.388882393442197
818 513 1 0.388882393442197
878 45 1 0.388882393442197
208 338 1 0.388882393442197
855 778 1 0.388882393442197
349 822 1 0.388882393442197
170 168 1 0.388882393442197
181 12 1 0.388882393442197
438 276 1 0.388882393442197
878 690 1 0.388882393442197
918 855 1 0.388882393442197
245 584 1 0.388882393442197
799 369 1 0.388882393442197
692 164 1 0.388882393442197
691 91 1 0.388882393442197
842 8 1 0.388882393442197
621 225 1 0.388882393442197
924 85 1 0.388882393442197
735 959 1 0.388882393442197
874 611 1 0.388882393442197
557 427 1 0.388882393442197
549 429 1 0.388882393442197
400 670 1 0.388882393442197
121 655 1 0.388882393442197
84 20 1 0.388882393442197
213 872 1 0.388882393442197
909 499 1 0.388882393442197
251 935 1 0.388882393442197
72 356 1 0.388882393442197
285 685 1 0.388882393442197
48 662 1 0.388882393442197
979 189 1 0.388882393442197
473 548 1 0.388882393442197
615 685 1 0.388882393442197
561 1 1 0.388882393442197
115 230 1 0.388882393442197
673 922 1 0.388882393442197
312 490 1 0.388882393442197
851 618 1 0.388882393442197
444 288 1 0.388882393442197
873 639 1 0.388882393442197
287 757 1 0.388882393442197
584 377 1 0.388882393442197
735 370 1 0.388882393442197
795 562 1 0.388882393442197
727 80 1 0.388882393442197
916 245 1 0.388882393442197
605 115 1 0.388882393442197
285 52 1 0.388882393442197
878 432 1 0.388882393442197
741 710 1 0.388882393442197
152 584 1 0.388882393442197
321 621 1 0.388882393442197
323 617 1 0.388882393442197
31 268 1 0.388882393442197
602 688 1 0.388882393442197
842 751 1 0.388882393442197
261 979 1 0.388882393442197
643 903 1 0.388882393442197
476 313 1 0.388882393442197
946 938 1 0.388882393442197
3 874 1 0.388882393442197
729 456 1 0.388882393442197
764 308 1 0.388882393442197
493 908 1 0.388882393442197
503 56 1 0.388882393442197
808 791 1 0.388882393442197
546 312 1 0.388882393442197
12 227 1 0.388882393442197
694 485 1 0.388882393442197
39 840 1 0.388882393442197
367 591 1 0.388882393442197
953 153 1 0.388882393442197
245 149 1 0.388882393442197
186 422 1 0.388882393442197
960 924 1 0.388882393442197
1 29 1 0.388882393442197
57 687 1 0.388882393442197
54 282 1 0.388882393442197
507 976 1 0.388882393442197
341 151 1 0.388882393442197
194 736 1 0.388882393442197
542 880 1 0.388882393442197
827 588 1 0.388882393442197
882 903 1 0.388882393442197
961 113 1 0.388882393442197
885 637 1 0.388882393442197
420 431 1 0.388882393442197
11 440 1 0.388882393442197
400 808 1 0.388882393442197
401 476 1 0.388882393442197
219 727 1 0.388882393442197
820 797 1 0.388882393442197
792 119 1 0.388882393442197
554 289 1 0.388882393442197
161 650 1 0.388882393442197
711 841 1 0.388882393442197
467 323 1 0.388882393442197
746 185 1 0.388882393442197
187 756 1 0.388882393442197
222 987 1 0.388882393442197
905 308 1 0.388882393442197
930 399 1 0.388882393442197
266 525 1 0.388882393442197
92 68 1 0.388882393442197
566 276 1 0.388882393442197
674 215 1 0.388882393442197
839 377 1 0.388882393442197
328 83 1 0.388882393442197
502 901 1 0.388882393442197
704 985 1 0.388882393442197
736 155 1 0.388882393442197
116 883 1 0.388882393442197
239 792 1 0.388882393442197
864 349 1 0.388882393442197
146 552 1 0.388882393442197
105 583 1 0.388882393442197
105 425 1 0.388882393442197
818 240 1 0.388882393442197
820 106 1 0.388882393442197
988 934 1 0.388882393442197
667 205 1 0.388882393442197
514 206 1 0.388882393442197
398 82 1 0.388882393442197
145 573 1 0.388882393442197
704 354 1 0.388882393442197
140 876 1 0.388882393442197
511 109 1 0.388882393442197
85 106 1 0.388882393442197
398 911 1 0.388882393442197
125 544 1 0.388882393442197
127 42 1 0.388882393442197
282 268 1 0.388882393442197
688 750 1 0.388882393442197
835 632 1 0.388882393442197
333 309 1 0.388882393442197
814 343 1 0.388882393442197
897 953 1 0.388882393442197
601 891 1 0.388882393442197
617 157 1 0.388882393442197
788 137 1 0.388882393442197
953 496 1 0.388882393442197
436 452 1 0.388882393442197
220 817 1 0.388882393442197
309 435 1 0.388882393442197
635 445 1 0.388882393442197
662 303 1 0.388882393442197
341 42 1 0.388882393442197
905 640 1 0.388882393442197
228 950 1 0.388882393442197
891 800 1 0.388882393442197
113 199 1 0.388882393442197
58 471 1 0.388882393442197
689 823 1 0.388882393442197
665 343 1 0.388882393442197
509 538 1 0.388882393442197
875 47 1 0.388882393442197
751 855 1 0.388882393442197
580 116 1 0.388882393442197
878 738 1 0.388882393442197
175 966 1 0.388882393442197
362 726 1 0.388882393442197
399 983 1 0.388882393442197
490 430 1 0.388882393442197
944 637 1 0.388882393442197
532 936 1 0.388882393442197
372 706 1 0.388882393442197
698 715 1 0.388882393442197
327 935 1 0.388882393442197
944 707 1 0.388882393442197
425 237 1 0.388882393442197
168 648 1 0.388882393442197
271 863 1 0.388882393442197
165 770 1 0.388882393442197
167 144 1 0.388882393442197
284 213 1 0.388882393442197
611 470 1 0.388882393442197
10 416 1 0.388882393442197
471 513 1 0.388882393442197
217 216 1 0.388882393442197
36 356 1 0.388882393442197
254 66 1 0.388882393442197
593 297 1 0.388882393442197
632 951 1 0.388882393442197
408 475 1 0.388882393442197
885 438 1 0.388882393442197
525 576 1 0.388882393442197
289 34 1 0.388882393442197
185 841 1 0.388882393442197
991 206 1 0.388882393442197
277 454 1 0.388882393442197
722 963 1 0.388882393442197
311 9 1 0.388882393442197
383 187 1 0.388882393442197
135 524 1 0.388882393442197
477 483 1 0.388882393442197
4 629 1 0.388882393442197
389 936 1 0.388882393442197
297 383 1 0.388882393442197
941 279 1 0.388882393442197
895 84 1 0.388882393442197
414 174 1 0.388882393442197
629 957 1 0.388882393442197
703 8 1 0.388882393442197
575 126 1 0.388882393442197
242 860 1 0.388882393442197
122 593 1 0.388882393442197
621 699 1 0.388882393442197
99 894 1 0.388882393442197
211 131 1 0.388882393442197
177 675 1 0.388882393442197
906 1 1 0.388882393442197
974 651 1 0.388882393442197
965 876 1 0.388882393442197
168 748 1 0.388882393442197
700 177 1 0.388882393442197
784 754 1 0.388882393442197
80 45 1 0.388882393442197
871 474 1 0.388882393442197
313 668 1 0.388882393442197
99 796 1 0.388882393442197
489 726 1 0.388882393442197
719 791 1 0.388882393442197
54 381 1 0.388882393442197
823 650 1 0.388882393442197
546 886 1 0.388882393442197
488 3 1 0.388882393442197
408 482 1 0.388882393442197
563 931 1 0.388882393442197
389 127 1 0.388882393442197
431 789 1 0.388882393442197
331 23 1 0.388882393442197
480 879 1 0.388882393442197
390 267 1 0.388882393442197
261 118 1 0.388882393442197
227 968 1 0.388882393442197
635 98 1 0.388882393442197
525 864 1 0.388882393442197
870 148 1 0.388882393442197
371 401 1 0.388882393442197
451 449 1 0.388882393442197
715 170 1 0.388882393442197
801 633 1 0.388882393442197
79 190 1 0.388882393442197
681 386 1 0.388882393442197
144 318 1 0.388882393442197
730 149 1 0.388882393442197
237 389 1 0.388882393442197
644 315 1 0.388882393442197
672 49 1 0.388882393442197
542 878 1 0.388882393442197
250 917 1 0.388882393442197
100 626 1 0.388882393442197
207 731 1 0.388882393442197
573 954 1 0.388882393442197
573 492 1 0.388882393442197
757 857 1 0.388882393442197
729 593 1 0.388882393442197
436 103 1 0.388882393442197
757 753 1 0.388882393442197
340 343 1 0.388882393442197
5 219 1 0.388882393442197
852 912 1 0.388882393442197
110 414 1 0.388882393442197
336 538 1 0.388882393442197
27 357 1 0.388882393442197
132 271 1 0.388882393442197
330 559 1 0.388882393442197
518 919 1 0.388882393442197
345 579 1 0.388882393442197
350 20 1 0.388882393442197
215 913 1 0.388882393442197
474 227 1 0.388882393442197
562 858 1 0.388882393442197
551 187 1 0.388882393442197
345 958 1 0.388882393442197
757 307 1 0.388882393442197
464 60 1 0.388882393442197
828 303 1 0.388882393442197
248 163 1 0.388882393442197
313 780 1 0.388882393442197
959 617 1 0.388882393442197
268 733 1 0.388882393442197
95 79 1 0.388882393442197
589 68 1 0.388882393442197
113 413 1 0.388882393442197
19 676 1 0.388882393442197
741 630 1 0.388882393442197
411 838 1 0.388882393442197
157 252 1 0.388882393442197
668 290 1 0.388882393442197
965 369 1 0.388882393442197
439 759 1 0.388882393442197
541 629 1 0.388882393442197
459 510 1 0.388882393442197
35 543 1 0.388882393442197
818 268 1 0.388882393442197
399 318 1 0.388882393442197
149 910 1 0.388882393442197
583 926 1 0.388882393442197
283 847 1 0.388882393442197
353 991 1 0.388882393442197
580 266 1 0.388882393442197
839 614 1 0.388882393442197
599 991 1 0.388882393442197
59 253 1 0.388882393442197
120 311 1 0.388882393442197
45 558 1 0.388882393442197
428 604 1 0.388882393442197
922 654 1 0.388882393442197
835 183 1 0.388882393442197
600 503 1 0.388882393442197
290 136 1 0.388882393442197
161 99 1 0.388882393442197
341 446 1 0.388882393442197
696 237 1 0.388882393442197
967 979 1 0.388882393442197
726 168 1 0.388882393442197
312 467 1 0.388882393442197
463 758 1 0.388882393442197
979 865 1 0.388882393442197
120 424 1 0.388882393442197
792 11 1 0.388882393442197
525 406 1 0.388882393442197
354 966 1 0.388882393442197
328 877 1 0.388882393442197
113 622 1 0.388882393442197
553 540 1 0.388882393442197
65 826 1 0.388882393442197
278 627 1 0.388882393442197
569 714 1 0.388882393442197
322 197 1 0.388882393442197
158 396 1 0.388882393442197
641 352 1 0.388882393442197
473 878 1 0.388882393442197
4 159 1 0.388882393442197
925 995 1 0.388882393442197
685 897 1 0.388882393442197
426 916 1 0.388882393442197
3 721 1 0.388882393442197
478 89 1 0.388882393442197
420 30 1 0.388882393442197
554 473 1 0.388882393442197
342 614 1 0.388882393442197
648 761 1 0.388882393442197
482 918 1 0.388882393442197
220 445 1 0.388882393442197
91 10 1 0.388882393442197
740 357 1 0.388882393442197
728 89 1 0.388882393442197
349 118 1 0.388882393442197
902 891 1 0.388882393442197
910 650 1 0.388882393442197
369 415 1 0.388882393442197
434 156 1 0.388882393442197
344 262 1 0.388882393442197
276 98 1 0.388882393442197
974 532 1 0.388882393442197
531 229 1 0.388882393442197
74 179 1 0.388882393442197
132 362 1 0.388882393442197
181 527 1 0.388882393442197
294 525 1 0.388882393442197
191 548 1 0.388882393442197
993 176 1 0.388882393442197
412 721 1 0.388882393442197
544 223 1 0.388882393442197
572 10 1 0.388882393442197
264 908 1 0.388882393442197
399 2 1 0.388882393442197
644 915 1 0.388882393442197
10 951 1 0.388882393442197
508 283 1 0.388882393442197
695 588 1 0.388882393442197
640 898 1 0.388882393442197
955 794 1 0.388882393442197
294 757 1 0.388882393442197
138 134 1 0.388882393442197
694 9 1 0.388882393442197
428 363 1 0.388882393442197
33 926 1 0.388882393442197
88 985 1 0.388882393442197