8 8 1 0.388882393442197
8 25 1 0.388882393442197
8 41 1 0.388882393442197
8 58 1 0.388882393442197
8 75 1 0.388882393442197
8 91 1 0.388882393442197
8 108 1 0.388882393442197
8 125 1 0.388882393442197
8 141 1 0.388882393442197
8 158 1 0.388882393442197
8 175 1 0.388882393442197
8 191 1 0.388882393442197
8 208 1 0.388882393442197
8 225 1 0.388882393442197
8 241 1 0.388882393442197
8 258 1 0.388882393442197
8 275 1 0.388882393442197
8 291 1 0.388882393442197
8 308 1 0.388882393442197
8 325 1 0.388882393442197
8 341 1 0.388882393442197
8 358 1 0.388882393442197
8 375 1 0.388882393442197
8 391 1 0.388882393442197
8 408 1 0.388882393442197
8 425 1 0.388882393442197
8 441 1 0.388882393442197
8 458 1 0.388882393442197
8 475 1 0.388882393442197
8 491 1 0.388882393442197
8 508 1 0.388882393442197
8 525 1 0.388882393442197
8 541 1 0.388882393442197
8 558 1 0.388882393442197
8 575 1 0.388882393442197
8 591 1 0.388882393442197
8 608 1 0.388882393442197
8 625 1 0.388882393442197
8 641 1 0.388882393442197
8 658 1 0.388882393442197
8 675 1 0.388882393442197
8 691 1 0.388882393442197
8 708 1 0.388882393442197
8 725 1 0.388882393442197
8 741 1 0.388882393442197
8 758 1 0.388882393442197
8 775 1 0.388882393442197
8 791 1 0.388882393442197
8 808 1 0.388882393442197
8 825 1 0.388882393442197
8 841 1 0.388882393442197
8 858 1 0.388882393442197
8 875 1 0.388882393442197
8 891 1 0.388882393442197
8 908 1 0.388882393442197
8 925 1 0.388882393442197
8 941 1 0.388882393442197
8 958 1 0.388882393442197
8 975 1 0.388882393442197
8 991 1 0.388882393442197
25 8 1 0.388882393442197
25 25 1 0.388882393442197
25 41 1 0.388882393442197
25 58 1 0.388882393442197
25 75 1 0.388882393442197
25 91 1 0.388882393442197
25 108 1 0.388882393442197
25 125 1 0.388882393442197
25 141 1 0.388882393442197
25 158 1 0.388882393442197
25 175 1 0.388882393442197
25 191 1 0.388882393442197
25 208 1 0.388882393442197
25 225 1 0.388882393442197
25 241 1 0.388882393442197
25 258 1 0.388882393442197
25 275 1 0.388882393442197
25 291 1 0.388882393442197
25 308 1 0.388882393442197
25 325 1 0.388882393442197
25 341 1 0.388882393442197
25 358 1 0.388882393442197
25 375 1 0.388882393442197
25 391 1 0.388882393442197
25 408 1 0.388882393442197
25 425 1 0.388882393442197
25 441 1 0.388882393442197
25 458 1 0.388882393442197
25 475 1 0.388882393442197
25 491 1 0.388882393442197
25 508 1 0.388882393442197
25 525 1 0.388882393442197
25 541 1 0.388882393442197
25 558 1 0.388882393442197
25 575 1 0.388882393442197
25 591 1 0.388882393442197
25 608 1 0.388882393442197
25 625 1 0.388882393442197
25 641 1 0.388882393442197
25 658 1 0.388882393442197
25 675 1 0.388882393442197
25 691 1 0.388882393442197
25 708 1 0.388882393442197
25 725 1 0.388882393442197
25 741 1 0.388882393442197
25 758 1 0.388882393442197
25 775 1 0.388882393442197
25 791 1 0.388882393442197
25 808 1 0.388882393442197
25 825 1 0.388882393442197
25 841 1 0.388882393442197
25 858 1 0.388882393442197
25 875 1 0.388882393442197
25 891 1 0.388882393442197
25 908 1 0.388882393442197
25 925 1 0.388882393442197
25 941 1 0.388882393442197
25 958 1 0.388882393442197
25 975 1 0.388882393442197
25 991 1 0.388882393442197
41 8 1 0.388882393442197
41 25 1 0.388882393442197
41 41 1 0.388882393442197
41 58 1 0.388882393442197
41 75 1 0.388882393442197
41 91 1 0.388882393442197
41 108 1 0.388882393442197
41 125 1 0.388882393442197
41 141 1 0.388882393442197
41 158 1 0.388882393442197
41 175 1 0.388882393442197
41 191 1 0.388882393442197
41 208 1 0.388882393442197
41 225 1 0.388882393442197
41 241 1 0.388882393442197
41 258 1 0.388882393442197
41 275 1 0.388882393442197
41 291 1 0.388882393442197
41 308 1 0.388882393442197
41 325 1 0.388882393442197
41 341 1 0.388882393442197
41 358 1 0.388882393442197
41 375 1 0.388882393442197
41 391 1 0.388882393442197
41 408 1 0.388882393442197
41 425 1 0.388882393442197
41 441 1 0.388882393442197
41 458 1 0.388882393442197
41 475 1 0.388882393442197
41 491 1 0.388882393442197
41 508 1 0.388882393442197
41 525 1 0.388882393442197
41 541 1 0.388882393442197
41 558 1 0.388882393442197
41 575 1 0.388882393442197
41 591 1 0.388882393442197
41 608 1 0.388882393442197
41 625 1 0.388882393442197
41 641 1 0.388882393442197
41 658 1 0.388882393442197
41 675 1 0.388882393442197
41 691 1 0.388882393442197
41 708 1 0.388882393442197
41 725 1 0.388882393442197
41 741 1 0.388882393442197
41 758 1 0.388882393442197
41 775 1 0.388882393442197
41 791 1 0.388882393442197
41 808 1 0.388882393442197
41 825 1 0.388882393442197
41 841 1 0.388882393442197
41 858 1 0.388882393442197
41 875 1 0.388882393442197
41 891 1 0.388882393442197
41 908 1 0.388882393442197
41 925 1 0.388882393442197
41 941 1 0.388882393442197
41 958 1 0.388882393442197
41 975 1 0.388882393442197
41 991 1 0.388882393442197
58 8 1 0.388882393442197
58 25 1 0.388882393442197
58 41 1 0.388882393442197
58 58 1 0.388882393442197
58 75 1 0.388882393442197
58 91 1 0.388882393442197
58 108 1 0.388882393442197
58 125 1 0.388882393442197
58 141 1 0.388882393442197
58 158 1 0.388882393442197
58 175 1 0.388882393442197
58 191 1 0.388882393442197
58 208 1 0.388882393442197
58 225 1 0.388882393442197
58 241 1 0.388882393442197
58 258 1 0.388882393442197
58 275 1 0.388882393442197
58 291 1 0.388882393442197
58 308 1 0.388882393442197
58 325 1 0.388882393442197
58 341 1 0.388882393442197
58 358 1 0.388882393442197
58 375 1 0.388882393442197
58 391 1 0.388882393442197
58 408 1 0.388882393442197
58 425 1 0.388882393442197
58 441 1 0.388882393442197
58 458 1 0.388882393442197
58 475 1 0.388882393442197
58 491 1 0.388882393442197
58 508 1 0.388882393442197
58 525 1 0.388882393442197
58 541 1 0.388882393442197
58 558 1 0.388882393442197
58 575 1 0.388882393442197
58 591 1 0.388882393442197
58 608 1 0.388882393442197
58 625 1 0.388882393442197
58 641 1 0.388882393442197
58 658 1 0.388882393442197
58 675 1 0.388882393442197
58 691 1 0.388882393442197
58 708 1 0.388882393442197
58 725 1 0.388882393442197
58 741 1 0.388882393442197
58 758 1 0.388882393442197
58 775 1 0.388882393442197
58 791 1 0.388882393442197
58 808 1 0.388882393442197
58 825 1 0.388882393442197
58 841 1 0.388882393442197
58 858 1 0.388882393442197
58 875 1 0.388882393442197
58 891 1 0.388882393442197
58 908 1 0.388882393442197
58 925 1 0.388882393442197
58 941 1 0.388882393442197
58 958 1 0.388882393442197
58 975 1 0.388882393442197
58 991 1 0.388882393442197
75 8 1 0.388882393442197
75 25 1 0.388882393442197
75 41 1 0.388882393442197
75 58 1 0.388882393442197
75 75 1 0.388882393442197
75 91 1 0.388882393442197
75 108 1 0.388882393442197
75 125 1 0.388882393442197
75 141 1 0.388882393442197
75 158 1 0.388882393442197
75 175 1 0.388882393442197
75 191 1 0.388882393442197
75 208 1 0.388882393442197
75 225 1 0.388882393442197
75 241 1 0.388882393442197
75 258 1 0.388882393442197
75 275 1 0.388882393442197
75 291 1 0.388882393442197
75 308 1 0.388882393442197
75 325 1 0.388882393442197
75 341 1 0.388882393442197
75 358 1 0.388882393442197
75 375 1 0.388882393442197
75 391 1 0.388882393442197
75 408 1 0.388882393442197
75 425 1 0.388882393442197
75 441 1 0.388882393442197
75 458 1 0.388882393442197
75 475 1 0.388882393442197
75 491 1 0.388882393442197
75 508 1 0.388882393442197
75 525 1 0.388882393442197
75 541 1 0.388882393442197
75 558 1 0.388882393442197
75 575 1 0.388882393442197
75 591 1 0.388882393442197
75 608 1 0.388882393442197
75 625 1 0.388882393442197
75 641 1 0.388882393442197
75 658 1 0.388882393442197
75 675 1 0.388882393442197
75 691 1 0.388882393442197
75 708 1 0.388882393442197
75 725 1 0.388882393442197
75 741 1 0.388882393442197
75 758 1 0.388882393442197
75 775 1 0.388882393442197
75 791 1 0.388882393442197
75 808 1 0.388882393442197
75 825 1 0.388882393442197
75 841 1 0.388882393442197
75 858 1 0.388882393442197
75 875 1 0.388882393442197
75 891 1 0.388882393442197
75 908 1 0.388882393442197
75 925 1 0.388882393442197
75 941 1 0.388882393442197
75 958 1 0.388882393442197
75 975 1 0.388882393442197
75 991 1 0.388882393442197
91 8 1 0.388882393442197
91 25 1 0.388882393442197
91 41 1 0.388882393442197
91 58 1 0.388882393442197
91 75 1 0.388882393442197
91 91 1 0.388882393442197
91 108 1 0.388882393442197
91 125 1 0.388882393442197
91 141 1 0.388882393442197
91 158 1 0.388882393442197
91 175 1 0.388882393442197
91 191 1 0.388882393442197
91 208 1 0.388882393442197
91 225 1 0.388882393442197
91 241 1 0.388882393442197
91 258 1 0.388882393442197
91 275 1 0.388882393442197
91 291 1 0.388882393442197
91 308 1 0.388882393442197
91 325 1 0.388882393442197
91 341 1 0.388882393442197
91 358 1 0.388882393442197
91 375 1 0.388882393442197
91 391 1 0.388882393442197
91 408 1 0.388882393442197
91 425 1 0.388882393442197
91 441 1 0.388882393442197
91 458 1 0.388882393442197
91 475 1 0.388882393442197
91 491 1 0.388882393442197
91 508 1 0.388882393442197
91 525 1 0.388882393442197
91 541 1 0.388882393442197
91 558 1 0.388882393442197
91 575 1 0.388882393442197
91 591 1 0.388882393442197
91 608 1 0.388882393442197
91 625 1 0.388882393442197
91 641 1 0.388882393442197
91 658 1 0.388882393442197
91 675 1 0.388882393442197
91 691 1 0.388882393442197
91 708 1 0.388882393442197
91 725 1 0.388882393442197
91 741 1 0.388882393442197
91 758 1 0.388882393442197
91 775 1 0.388882393442197
91 791 1 0.388882393442197
91 808 1 0.388882393442197
91 825 1 0.388882393442197
91 841 1 0.388882393442197
91 858 1 0.388882393442197
91 875 1 0.388882393442197
91 891 1 0.388882393442197
91 908 1 0.388882393442197
91 925 1 0.388882393442197
91 941 1 0.388882393442197
91 958 1 0.388882393442197
91 975 1 0.388882393442197
91 991 1 0.388882393442197
108 8 1 0.388882393442197
108 25 1 0.388882393442197
108 41 1 0.388882393442197
108 58 1 0.388882393442197
108 75 1 0.388882393442197
108 91 1 0.388882393442197
108 108 1 0.388882393442197
108 125 1 0.388882393442197
108 141 1 0.388882393442197
108 158 1 0.388882393442197
108 175 1 0.388882393442197
108 191 1 0.388882393442197
108 208 1 0.388882393442197
108 225 1 0.388882393442197
108 241 1 0.388882393442197
108 258 1 0.388882393442197
108 275 1 0.388882393442197
108 291 1 0.388882393442197
108 308 1 0.388882393442197
108 325 1 0.388882393442197
108 341 1 0.388882393442197
108 358 1 0.388882393442197
108 375 1 0.388882393442197
108 391 1 0.388882393442197
108 408 1 0.388882393442197
108 425 1 0.388882393442197
108 441 1 0.388882393442197
108 458 1 0.388882393442197
108 475 1 0.388882393442197
108 491 1 0.388882393442197
108 508 1 0.388882393442197
108 525 1 0.388882393442197
108 541 1 0.388882393442197
108 558 1 0.388882393442197
108 575 1 0.388882393442197
108 591 1 0.388882393442197
108 608 1 0.388882393442197
108 625 1 0.388882393442197
108 641 1 0.388882393442197
108 658 1 0.388882393442197
108 675 1 0.388882393442197
108 691 1 0.388882393442197
108 708 1 0.388882393442197
108 725 1 0.388882393442197
108 741 1 0.388882393442197
108 758 1 0.388882393442197
108 775 1 0.388882393442197
108 791 1 0.388882393442197
108 808 1 0.388882393442197
108 825 1 0.388882393442197
108 841 1 0.388882393442197
108 858 1 0.388882393442197
108 875 1 0.388882393442197
108 891 1 0.388882393442197
108 908 1 0.388882393442197
108 925 1 0.388882393442197
108 941 1 0.388882393442197
108 958 1 0.388882393442197
108 975 1 0.388882393442197
108 991 1 0.388882393442197
125 8 1 0.388882393442197
125 25 1 0.388882393442197
125 41 1 0.388882393442197
125 58 1 0.388882393442197
125 75 1 0.388882393442197
125 91 1 0.388882393442197
125 108 1 0.388882393442197
125 125 1 0.388882393442197
125 141 1 0.388882393442197
125 158 1 0.388882393442197
125 175 1 0.388882393442197
125 191 1 0.388882393442197
125 208 1 0.388882393442197
125 225 1 0.388882393442197
125 241 1 0.388882393442197
125 258 1 0.388882393442197
125 275 1 0.388882393442197
125 291 1 0.388882393442197
125 308 1 0.388882393442197
125 325 1 0.388882393442197
125 341 1 0.388882393442197
125 358 1 0.388882393442197
125 375 1 0.388882393442197
125 391 1 0.388882393442197
125 408 1 0.388882393442197
125 425 1 0.388882393442197
125 441 1 0.388882393442197
125 458 1 0.388882393442197
125 475 1 0.388882393442197
125 491 1 0.388882393442197
125 508 1 0.388882393442197
125 525 1 0.388882393442197
125 541 1 0.388882393442197
125 558 1 0.388882393442197
125 575 1 0.388882393442197
125 591 1 0.388882393442197
125 608 1 0.388882393442197
125 625 1 0.388882393442197
125 641 1 0.388882393442197
125 658 1 0.388882393442197
125 675 1 0.388882393442197
125 691 1 0.388882393442197
125 708 1 0.388882393442197
125 725 1 0.388882393442197
125 741 1 0.388882393442197
125 758 1 0.388882393442197
125 775 1 0.388882393442197
125 791 1 0.388882393442197
125 808 1 0.388882393442197
125 825 1 0.388882393442197
125 841 1 0.388882393442197
125 858 1 0.388882393442197
125 875 1 0.388882393442197
125 891 1 0.388882393442197
125 908 1 0.388882393442197
125 925 1 0.388882393442197
125 941 1 0.388882393442197
125 958 1 0.388882393442197
125 975 1 0.388882393442197
125 991 1 0.388882393442197
141 8 1 0.388882393442197
141 25 1 0.388882393442197
141 41 1 0.388882393442197
141 58 1 0.388882393442197
141 75 1 0.388882393442197
141 91 1 0.388882393442197
141 108 1 0.388882393442197
141 125 1 0.388882393442197
141 141 1 0.388882393442197
141 158 1 0.388882393442197
141 175 1 0.388882393442197
141 191 1 0.388882393442197
141 208 1 0.388882393442197
141 225 1 0.388882393442197
141 241 1 0.388882393442197
141 258 1 0.388882393442197
141 275 1 0.388882393442197
141 291 1 0.388882393442197
141 308 1 0.388882393442197
141 325 1 0.388882393442197
141 341 1 0.388882393442197
141 358 1 0.388882393442197
141 375 1 0.388882393442197
141 391 1 0.388882393442197
141 408 1 0.388882393442197
141 425 1 0.388882393442197
141 441 1 0.388882393442197
141 458 1 0.388882393442197
141 475 1 0.388882393442197
141 491 1 0.388882393442197
141 508 1 0.388882393442197
141 525 1 0.388882393442197
141 541 1 0.388882393442197
141 558 1 0.388882393442197
141 575 1 0.388882393442197
141 591 1 0.388882393442197
141 608 1 0.388882393442197
141 625 1 0.388882393442197
141 641 1 0.388882393442197
141 658 1 0.388882393442197
141 675 1 0.388882393442197
141 691 1 0.388882393442197
141 708 1 0.388882393442197
141 725 1 0.388882393442197
141 741 1 0.388882393442197
141 758 1 0.388882393442197
141 775 1 0.388882393442197
141 791 1 0.388882393442197
141 808 1 0.388882393442197
141 825 1 0.388882393442197
141 841 1 0.388882393442197
141 858 1 0.388882393442197
141 875 1 0.388882393442197
141 891 1 0.388882393442197
141 908 1 0.388882393442197
141 925 1 0.388882393442197
141 941 1 0.388882393442197
141 958 1 0.388882393442197
141 975 1 0.388882393442197
141 991 1 0.388882393442197
158 8 1 0.388882393442197
158 25 1 0.388882393442197
158 41 1 0.388882393442197
158 58 1 0.388882393442197
158 75 1 0.388882393442197
158 91 1 0.388882393442197
158 108 1 0.388882393442197
158 125 1 0.388882393442197
158 141 1 0.388882393442197
158 158 1 0.388882393442197
158 175 1 0.388882393442197
158 191 1 0.388882393442197
158 208 1 0.388882393442197
158 225 1 0.388882393442197
158 241 1 0.388882393442197
158 258 1 0.388882393442197
158 275 1 0.388882393442197
158 291 1 0.388882393442197
158 308 1 0.388882393442197
158 325 1 0.388882393442197
158 341 1 0.388882393442197
158 358 1 0.388882393442197
158 375 1 0.388882393442197
158 391 1 0.388882393442197
158 408 1 0.388882393442197
158 425 1 0.388882393442197
158 441 1 0.388882393442197
158 458 1 0.388882393442197
158 475 1 0.388882393442197
158 491 1 0.388882393442197
158 508 1 0.388882393442197
158 525 1 0.388882393442197
158 541 1 0.388882393442197
158 558 1 0.388882393442197
158 575 1 0.388882393442197
158 591 1 0.388882393442197
158 608 1 0.388882393442197
158 625 1 0.388882393442197
158 641 1 0.388882393442197
158 658 1 0.388882393442197
158 675 1 0.388882393442197
158 691 1 0.388882393442197
158 708 1 0.388882393442197
158 725 1 0.388882393442197
158 741 1 0.388882393442197
158 758 1 0.388882393442197
158 775 1 0.388882393442197
158 791 1 0.388882393442197
158 808 1 0.388882393442197
158 825 1 0.388882393442197
158 841 1 0.388882393442197
158 858 1 0.388882393442197
158 875 1 0.388882393442197
158 891 1 0.388882393442197
158 908 1 0.388882393442197
158 925 1 0.388882393442197
158 941 1 0.388882393442197
158 958 1 0.388882393442197
158 975 1 0.388882393442197
158 991 1 0.388882393442197
175 8 1 0.388882393442197
175 25 1 0.388882393442197
175 41 1 0.388882393442197
175 58 1 0.388882393442197
175 75 1 0.388882393442197
175 91 1 0.388882393442197
175 108 1 0.388882393442197
175 125 1 0.388882393442197
175 141 1 0.388882393442197
175 158 1 0.388882393442197
175 175 1 0.388882393442197
175 191 1 0.388882393442197
175 208 1 0.388882393442197
175 225 1 0.388882393442197
175 241 1 0.388882393442197
175 258 1 0.388882393442197
175 275 1 0.388882393442197
175 291 1 0.388882393442197
175 308 1 0.388882393442197
175 325 1 0.388882393442197
175 341 1 0.388882393442197
175 358 1 0.388882393442197
175 375 1 0.388882393442197
175 391 1 0.388882393442197
175 408 1 0.388882393442197
175 425 1 0.388882393442197
175 441 1 0.388882393442197
175 458 1 0.388882393442197
175 475 1 0.388882393442197
175 491 1 0.388882393442197
175 508 1 0.388882393442197
175 525 1 0.388882393442197
175 541 1 0.388882393442197
175 558 1 0.388882393442197
175 575 1 0.388882393442197
175 591 1 0.388882393442197
175 608 1 0.388882393442197
175 625 1 0.388882393442197
175 641 1 0.388882393442197
175 658 1 0.388882393442197
175 675 1 0.388882393442197
175 691 1 0.388882393442197
175 708 1 0.388882393442197
175 725 1 0.388882393442197
175 741 1 0.388882393442197
175 758 1 0.388882393442197
175 775 1 0.388882393442197
175 791 1 0.388882393442197
175 808 1 0.388882393442197
175 825 1 0.388882393442197
175 841 1 0.388882393442197
175 858 1 0.388882393442197
175 875 1 0.388882393442197
175 891 1 0.388882393442197
175 908 1 0.388882393442197
175 925 1 0.388882393442197
175 941 1 0.388882393442197
175 958 1 0.388882393442197
175 975 1 0.388882393442197
175 991 1 0.388882393442197
191 8 1 0.388882393442197
191 25 1 0.388882393442197
191 41 1 0.388882393442197
191 58 1 0.388882393442197
191 75 1 0.388882393442197
191 91 1 0.388882393442197
191 108 1 0.388882393442197
191 125 1 0.388882393442197
191 141 1 0.388882393442197
191 158 1 0.388882393442197
191 175 1 0.388882393442197
191 191 1 0.388882393442197
191 208 1 0.388882393442197
191 225 1 0.388882393442197
191 241 1 0.388882393442197
191 258 1 0.388882393442197
191 275 1 0.388882393442197
191 291 1 0.388882393442197
191 308 1 0.388882393442197
191 325 1 0.388882393442197
191 341 1 0.388882393442197
191 358 1 0.388882393442197
191 375 1 0.388882393442197
191 391 1 0.388882393442197
191 408 1 0.388882393442197
191 425 1 0.388882393442197
191 441 1 0.388882393442197
191 458 1 0.388882393442197
191 475 1 0.388882393442197
191 491 1 0.388882393442197
191 508 1 0.388882393442197
191 525 1 0.388882393442197
191 541 1 0.388882393442197
191 558 1 0.388882393442197
191 575 1 0.388882393442197
191 591 1 0.388882393442197
191 608 1 0.388882393442197
191 625 1 0.388882393442197
191 641 1 0.388882393442197
191 658 1 0.388882393442197
191 675 1 0.388882393442197
191 691 1 0.388882393442197
191 708 1 0.388882393442197
191 725 1 0.388882393442197
191 741 1 0.388882393442197
191 758 1 0.388882393442197
191 775 1 0.388882393442197
191 791 1 0.388882393442197
191 808 1 0.388882393442197
191 825 1 0.388882393442197
191 841 1 0.388882393442197
191 858 1 0.388882393442197
191 875 1 0.388882393442197
191 891 1 0.388882393442197
191 908 1 0.388882393442197
191 925 1 0.388882393442197
191 941 1 0.388882393442197
191 958 1 0.388882393442197
191 975 1 0.388882393442197
191 991 1 0.388882393442197
208 8 1 0.388882393442197
208 25 1 0.388882393442197
208 41 1 0.388882393442197
208 58 1 0.388882393442197
208 75 1 0.388882393442197
208 91 1 0.388882393442197
208 108 1 0.388882393442197
208 125 1 0.388882393442197
208 141 1 0.388882393442197
208 158 1 0.388882393442197
208 175 1 0.388882393442197
208 191 1 0.388882393442197
208 208 1 0.388882393442197
208 225 1 0.388882393442197
208 241 1 0.388882393442197
208 258 1 0.388882393442197
208 275 1 0.388882393442197
208 291 1 0.388882393442197
208 308 1 0.388882393442197
208 325 1 0.388882393442197
208 341 1 0.388882393442197
208 358 1 0.388882393442197
208 375 1 0.388882393442197
208 391 1 0.388882393442197
208 408 1 0.388882393442197
208 425 1 0.388882393442197
208 441 1 0.388882393442197
208 458 1 0.388882393442197
208 475 1 0.388882393442197
208 491 1 0.388882393442197
208 508 1 0.388882393442197
208 525 1 0.388882393442197
208 541 1 0.388882393442197
208 558 1 0.388882393442197
208 575 1 0.388882393442197
208 591 1 0.388882393442197
208 608 1 0.388882393442197
208 625 1 0.388882393442197
208 641 1 0.388882393442197
208 658 1 0.388882393442197
208 675 1 0.388882393442197
208 691 1 0.388882393442197
208 708 1 0.388882393442197
208 725 1 0.388882393442197
208 741 1 0.388882393442197
208 758 1 0.388882393442197
208 775 1 0.388882393442197
208 791 1 0.388882393442197
208 808 1 0.388882393442197
208 825 1 0.388882393442197
208 841 1 0.388882393442197
208 858 1 0.388882393442197
208 875 1 0.388882393442197
208 891 1 0.388882393442197
208 908 1 0.388882393442197
208 925 1 0.388882393442197
208 941 1 0.388882393442197
208 958 1 0.388882393442197
208 975 1 0.388882393442197
208 991 1 0.388882393442197
225 8 1 0.388882393442197
225 25 1 0.388882393442197
225 41 1 0.388882393442197
225 58 1 0.388882393442197
225 75 1 0.388882393442197
225 91 1 0.388882393442197
225 108 1 0.388882393442197
225 125 1 0.388882393442197
225 141 1 0.388882393442197
225 158 1 0.388882393442197
225 175 1 0.388882393442197
225 191 1 0.388882393442197
225 208 1 0.388882393442197
225 225 1 0.388882393442197
225 241 1 0.388882393442197
225 258 1 0.388882393442197
225 275 1 0.388882393442197
225 291 1 0.388882393442197
225 308 1 0.388882393442197
225 325 1 0.388882393442197
225 341 1 0.388882393442197
225 358 1 0.388882393442197
225 375 1 0.388882393442197
225 391 1 0.388882393442197
225 408 1 0.388882393442197
225 425 1 0.388882393442197
225 441 1 0.388882393442197
225 458 1 0.388882393442197
225 475 1 0.388882393442197
225 491 1 0.388882393442197
225 508 1 0.388882393442197
225 525 1 0.388882393442197
225 541 1 0.388882393442197
225 558 1 0.388882393442197
225 575 1 0.388882393442197
225 591 1 0.388882393442197
225 608 1 0.388882393442197
225 625 1 0.388882393442197
225 641 1 0.388882393442197
225 658 1 0.388882393442197
225 675 1 0.388882393442197
225 691 1 0.388882393442197
225 708 1 0.388882393442197
225 725 1 0.388882393442197
225 741 1 0.388882393442197
225 758 1 0.388882393442197
225 775 1 0.388882393442197
225 791 1 0.388882393442197
225 808 1 0.388882393442197
225 825 1 0.388882393442197
225 841 1 0.388882393442197
225 858 1 0.388882393442197
225 875 1 0.388882393442197
225 891 1 0.388882393442197
225 908 1 0.388882393442197
225 925 1 0.388882393442197
225 941 1 0.388882393442197
225 958 1 0.388882393442197
225 975 1 0.388882393442197
225 991 1 0.388882393442197
241 8 1 0.388882393442197
241 25 1 0.388882393442197
241 41 1 0.388882393442197
241 58 1 0.388882393442197
241 75 1 0.388882393442197
241 91 1 0.388882393442197
241 108 1 0.388882393442197
241 125 1 0.388882393442197
241 141 1 0.388882393442197
241 158 1 0.388882393442197
241 175 1 0.388882393442197
241 191 1 0.388882393442197
241 208 1 0.388882393442197
241 225 1 0.388882393442197
241 241 1 0.388882393442197
241 258 1 0.388882393442197
241 275 1 0.388882393442197
241 291 1 0.388882393442197
241 308 1 0.388882393442197
241 325 1 0.388882393442197
241 341 1 0.388882393442197
241 358 1 0.388882393442197
241 375 1 0.388882393442197
241 391 1 0.388882393442197
241 408 1 0.388882393442197
241 425 1 0.388882393442197
241 441 1 0.388882393442197
241 458 1 0.388882393442197
241 475 1 0.388882393442197
241 491 1 0.388882393442197
241 508 1 0.388882393442197
241 525 1 0.388882393442197
241 541 1 0.388882393442197
241 558 1 0.388882393442197
241 575 1 0.388882393442197
241 591 1 0.388882393442197
241 608 1 0.388882393442197
241 625 1 0.388882393442197
241 641 1 0.388882393442197
241 658 1 0.388882393442197
241 675 1 0.388882393442197
241 691 1 0.388882393442197
241 708 1 0.388882393442197
241 725 1 0.388882393442197
241 741 1 0.388882393442197
241 758 1 0.388882393442197
241 775 1 0.388882393442197
241 791 1 0.388882393442197
241 808 1 0.388882393442197
241 825 1 0.388882393442197
241 841 1 0.388882393442197
241 858 1 0.388882393442197
241 875 1 0.388882393442197
241 891 1 0.388882393442197
241 908 1 0.388882393442197
241 925 1 0.388882393442197
241 941 1 0.388882393442197
241 958 1 0.388882393442197
241 975 1 0.388882393442197
241 991 1 0.388882393442197
258 8 1 0.388882393442197
258 25 1 0.388882393442197
258 41 1 0.388882393442197
258 58 1 0.388882393442197
258 75 1 0.388882393442197
258 91 1 0.388882393442197
258 108 1 0.388882393442197
258 125 1 0.388882393442197
258 141 1 0.388882393442197
258 158 1 0.388882393442197
258 175 1 0.388882393442197
258 191 1 0.388882393442197
258 208 1 0.388882393442197
258 225 1 0.388882393442197
258 241 1 0.388882393442197
258 258 1 0.388882393442197
258 275 1 0.388882393442197
258 291 1 0.388882393442197
258 308 1 0.388882393442197
258 325 1 0.388882393442197
258 341 1 0.388882393442197
258 358 1 0.388882393442197
258 375 1 0.388882393442197
258 391 1 0.388882393442197
258 408 1 0.388882393442197
258 425 1 0.388882393442197
258 441 1 0.388882393442197
258 458 1 0.388882393442197
258 475 1 0.388882393442197
258 491 1 0.388882393442197
258 508 1 0.388882393442197
258 525 1 0.388882393442197
258 541 1 0.388882393442197
258 558 1 0.388882393442197
258 575 1 0.388882393442197
258 591 1 0.388882393442197
258 608 1 0.388882393442197
258 625 1 0.388882393442197
258 641 1 0.388882393442197
258 658 1 0.388882393442197
258 675 1 0.388882393442197
258 691 1 0.388882393442197
258 708 1 0.388882393442197
258 725 1 0.388882393442197
258 741 1 0.388882393442197
258 758 1 0.388882393442197
258 775 1 0.388882393442197
258 791 1 0.388882393442197
258 808 1 0.388882393442197
258 825 1 0.388882393442197
258 841 1 0.388882393442197
258 858 1 0.388882393442197
258 875 1 0.388882393442197
258 891 1 0.388882393442197
258 908 1 0.388882393442197
258 925 1 0.388882393442197
258 941 1 0.388882393442197
258 958 1 0.388882393442197
258 975 1 0.388882393442197
258 991 1 0.388882393442197
275 8 1 0.388882393442197
275 25 1 0.388882393442197
275 41 1 0.388882393442197
275 58 1 0.388882393442197
275 75 1 0.388882393442197
275 91 1 0.388882393442197
275 108 1 0.388882393442197
275 125 1 0.388882393442197
275 141 1 0.388882393442197
275 158 1 0.388882393442197
275 175 1 0.388882393442197
275 191 1 0.388882393442197
275 208 1 0.388882393442197
275 225 1 0.388882393442197
275 241 1 0.388882393442197
275 258 1 0.388882393442197
275 275 1 0.388882393442197
275 291 1 0.388882393442197
275 308 1 0.388882393442197
275 325 1 0.388882393442197
275 341 1 0.388882393442197
275 358 1 0.388882393442197
275 375 1 0.388882393442197
275 391 1 0.388882393442197
275 408 1 0.388882393442197
275 425 1 0.388882393442197
275 441 1 0.388882393442197
275 458 1 0.388882393442197
275 475 1 0.388882393442197
275 491 1 0.388882393442197
275 508 1 0.388882393442197
275 525 1 0.388882393442197
275 541 1 0.388882393442197
275 558 1 0.388882393442197
275 575 1 0.388882393442197
275 591 1 0.388882393442197
275 608 1 0.388882393442197
275 625 1 0.388882393442197
275 641 1 0.388882393442197
275 658 1 0.388882393442197
275 675 1 0.388882393442197
275 691 1 0.388882393442197
275 708 1 0.388882393442197
275 725 1 0.388882393442197
275 741 1 0.388882393442197
275 758 1 0.388882393442197
275 775 1 0.388882393442197
275 791 1 0.388882393442197
275 808 1 0.388882393442197
275 825 1 0.388882393442197
275 841 1 0.388882393442197
275 858 1 0.388882393442197
275 875 1 0.388882393442197
275 891 1 0.388882393442197
275 908 1 0.388882393442197
275 925 1 0.388882393442197
275 941 1 0.388882393442197
275 958 1 0.388882393442197
275 975 1 0.388882393442197
275 991 1 0.388882393442197
291 8 1 0.388882393442197
291 25 1 0.388882393442197
291 41 1 0.388882393442197
291 58 1 0.388882393442197
291 75 1 0.388882393442197
291 91 1 0.388882393442197
291 108 1 0.388882393442197
291 125 1 0.388882393442197
291 141 1 0.388882393442197
291 158 1 0.388882393442197
291 175 1 0.388882393442197
291 191 1 0.388882393442197
291 208 1 0.388882393442197
291 225 1 0.388882393442197
291 241 1 0.388882393442197
291 258 1 0.388882393442197
291 275 1 0.388882393442197
291 291 1 0.388882393442197
291 308 1 0.388882393442197
291 325 1 0.388882393442197
291 341 1 0.388882393442197
291 358 1 0.388882393442197
291 375 1 0.388882393442197
291 391 1 0.388882393442197
291 408 1 0.388882393442197
291 425 1 0.388882393442197
291 441 1 0.388882393442197
291 458 1 0.388882393442197
291 475 1 0.388882393442197
291 491 1 0.388882393442197
291 508 1 0.388882393442197
291 525 1 0.388882393442197
291 541 1 0.388882393442197
291 558 1 0.388882393442197
291 575 1 0.388882393442197
291 591 1 0.388882393442197
291 608 1 0.388882393442197
291 625 1 0.388882393442197
291 641 1 0.388882393442197
291 658 1 0.388882393442197
291 675 1 0.388882393442197
291 691 1 0.388882393442197
291 708 1 0.388882393442197
291 725 1 0.388882393442197
291 741 1 0.388882393442197
291 758 1 0.388882393442197
291 775 1 0.388882393442197
291 791 1 0.388882393442197
291 808 1 0.388882393442197
291 825 1 0.388882393442197
291 841 1 0.388882393442197
291 858 1 0.388882393442197
291 875 1 0.388882393442197
291 891 1 0.388882393442197
291 908 1 0.388882393442197
291 925 1 0.388882393442197
291 941 1 0.388882393442197
291 958 1 0.388882393442197
291 975 1 0.388882393442197
291 991 1 0.388882393442197
308 8 1 0.388882393442197
308 25 1 0.388882393442197
308 41 1 0.388882393442197
308 58 1 0.388882393442197
308 75 1 0.388882393442197
308 91 1 0.388882393442197
308 108 1 0.388882393442197
308 125 1 0.388882393442197
308 141 1 0.388882393442197
308 158 1 0.388882393442197
308 175 1 0.388882393442197
308 191 1 0.388882393442197
308 208 1 0.388882393442197
308 225 1 0.388882393442197
308 241 1 0.388882393442197
308 258 1 0.388882393442197
308 275 1 0.388882393442197
308 291 1 0.388882393442197
308 308 1 0.388882393442197
308 325 1 0.388882393442197
308 341 1 0.388882393442197
308 358 1 0.388882393442197
308 375 1 0.388882393442197
308 391 1 0.388882393442197
308 408 1 0.388882393442197
308 425 1 0.388882393442197
308 441 1 0.388882393442197
308 458 1 0.388882393442197
308 475 1 0.388882393442197
308 491 1 0.388882393442197
308 508 1 0.388882393442197
308 525 1 0.388882393442197
308 541 1 0.388882393442197
308 558 1 0.388882393442197
308 575 1 0.388882393442197
308 591 1 0.388882393442197
308 608 1 0.388882393442197
308 625 1 0.388882393442197
308 641 1 0.388882393442197
308 658 1 0.388882393442197
308 675 1 0.388882393442197
308 691 1 0.388882393442197
308 708 1 0.388882393442197
308 725 1 0.388882393442197
308 741 1 0.388882393442197
308 758 1 0.388882393442197
308 775 1 0.388882393442197
308 791 1 0.388882393442197
308 808 1 0.388882393442197
308 825 1 0.388882393442197
308 841 1 0.388882393442197
308 858 1 0.388882393442197
308 875 1 0.388882393442197
308 891 1 0.388882393442197
308 908 1 0.388882393442197
308 925 1 0.388882393442197
308 941 1 0.388882393442197
308 958 1 0.388882393442197
308 975 1 0.388882393442197
308 991 1 0.388882393442197
325 8 1 0.388882393442197
325 25 1 0.388882393442197
325 41 1 0.388882393442197
325 58 1 0.388882393442197
325 75 1 0.388882393442197
325 91 1 0.388882393442197
325 108 1 0.388882393442197
325 125 1 0.388882393442197
325 141 1 0.388882393442197
325 158 1 0.388882393442197
325 175 1 0.388882393442197
325 191 1 0.388882393442197
325 208 1 0.388882393442197
325 225 1 0.388882393442197
325 241 1 0.388882393442197
325 258 1 0.388882393442197
325 275 1 0.388882393442197
325 291 1 0.388882393442197
325 308 1 0.388882393442197
325 325 1 0.388882393442197
325 341 1 0.388882393442197
325 358 1 0.388882393442197
325 375 1 0.388882393442197
325 391 1 0.388882393442197
325 408 1 0.388882393442197
325 425 1 0.388882393442197
325 441 1 0.388882393442197
325 458 1 0.388882393442197
325 475 1 0.388882393442197
325 491 1 0.388882393442197
325 508 1 0.388882393442197
325 525 1 0.388882393442197
325 541 1 0.388882393442197
325 558 1 0.388882393442197
325 575 1 0.388882393442197
325 591 1 0.388882393442197
325 608 1 0.388882393442197
325 625 1 0.388882393442197
325 641 1 0.388882393442197
325 658 1 0.388882393442197
325 675 1 0.388882393442197
325 691 1 0.388882393442197
325 708 1 0.388882393442197
325 725 1 0.388882393442197
325 741 1 0.388882393442197
325 758 1 0.388882393442197
325 775 1 0.388882393442197
325 791 1 0.388882393442197
325 808 1 0.388882393442197
325 825 1 0.388882393442197
325 841 1 0.388882393442197
325 858 1 0.388882393442197
325 875 1 0.388882393442197
325 891 1 0.388882393442197
325 908 1 0.388882393442197
325 925 1 0.388882393442197
325 941 1 0.388882393442197
325 958 1 0.388882393442197
325 975 1 0.388882393442197
325 991 1 0.388882393442197
341 8 1 0.388882393442197
341 25 1 0.388882393442197
341 41 1 0.388882393442197
341 58 1 0.388882393442197
341 75 1 0.388882393442197
341 91 1 0.388882393442197
341 108 1 0.388882393442197
341 125 1 0.388882393442197
341 141 1 0.388882393442197
341 158 1 0.388882393442197
341 175 1 0.388882393442197
341 191 1 0.388882393442197
341 208 1 0.388882393442197
341 225 1 0.388882393442197
341 241 1 0.388882393442197
341 258 1 0.388882393442197
341 275 1 0.388882393442197
341 291 1 0.388882393442197
341 308 1 0.388882393442197
341 325 1 0.388882393442197
341 341 1 0.388882393442197
341 358 1 0.388882393442197
341 375 1 0.388882393442197
341 391 1 0.388882393442197
341 408 1 0.388882393442197
341 425 1 0.388882393442197
341 441 1 0.388882393442197
341 458 1 0.388882393442197
341 475 1 0.388882393442197
341 491 1 0.388882393442197
341 508 1 0.388882393442197
341 525 1 0.388882393442197
341 541 1 0.388882393442197
341 558 1 0.388882393442197
341 575 1 0.388882393442197
341 591 1 0.388882393442197
341 608 1 0.388882393442197
341 625 1 0.388882393442197
341 641 1 0.388882393442197
341 658 1 0.388882393442197
341 675 1 0.388882393442197
341 691 1 0.388882393442197
341 708 1 0.388882393442197
341 725 1 0.388882393442197
341 741 1 0.388882393442197
341 758 1 0.388882393442197
341 775 1 0.388882393442197
341 791 1 0.388882393442197
341 808 1 0.388882393442197
341 825 1 0.388882393442197
341 841 1 0.388882393442197
341 858 1 0.388882393442197
341 875 1 0.388882393442197
341 891 1 0.388882393442197
341 908 1 0.388882393442197
341 925 1 0.388882393442197
341 941 1 0.388882393442197
341 958 1 0.388882393442197
341 975 1 0.388882393442197
341 991 1 0.388882393442197
358 8 1 0.388882393442197
358 25 1 0.388882393442197
358 41 1 0.388882393442197
358 58 1 0.388882393442197
358 75 1 0.388882393442197
358 91 1 0.388882393442197
358 108 1 0.388882393442197
358 125 1 0.388882393442197
358 141 1 0.388882393442197
358 158 1 0.388882393442197
358 175 1 0.388882393442197
358 191 1 0.388882393442197
358 208 1 0.388882393442197
358 225 1 0.388882393442197
358 241 1 0.388882393442197
358 258 1 0.388882393442197
358 275 1 0.388882393442197
358 291 1 0.388882393442197
358 308 1 0.388882393442197
358 325 1 0.388882393442197
358 341 1 0.388882393442197
358 358 1 0.388882393442197
358 375 1 0.388882393442197
358 391 1 0.388882393442197
358 408 1 0.388882393442197
358 425 1 0.388882393442197
358 441 1 0.388882393442197
358 458 1 0.388882393442197
358 475 1 0.388882393442197
358 491 1 0.388882393442197
358 508 1 0.388882393442197
358 525 1 0.388882393442197
358 541 1 0.388882393442197
358 558 1 0.388882393442197
358 575 1 0.388882393442197
358 591 1 0.388882393442197
358 608 1 0.388882393442197
358 625 1 0.388882393442197
358 641 1 0.388882393442197
358 658 1 0.388882393442197
358 675 1 0.388882393442197
358 691 1 0.388882393442197
358 708 1 0.388882393442197
358 725 1 0.388882393442197
358 741 1 0.388882393442197
358 758 1 0.388882393442197
358 775 1 0.388882393442197
358 791 1 0.388882393442197
358 808 1 0.388882393442197
358 825 1 0.388882393442197
358 841 1 0.388882393442197
358 858 1 0.388882393442197
358 875 1 0.388882393442197
358 891 1 0.388882393442197
358 908 1 0.388882393442197
358 925 1 0.388882393442197
358 941 1 0.388882393442197
358 958 1 0.388882393442197
358 975 1 0.388882393442197
358 991 1 0.388882393442197
375 8 1 0.388882393442197
375 25 1 0.388882393442197
375 41 1 0.388882393442197
375 58 1 0.388882393442197
375 75 1 0.388882393442197
375 91 1 0.388882393442197
375 108 1 0.388882393442197
375 125 1 0.388882393442197
375 141 1 0.388882393442197
375 158 1 0.388882393442197
375 175 1 0.388882393442197
375 191 1 0.388882393442197
375 208 1 0.388882393442197
375 225 1 0.388882393442197
375 241 1 0.388882393442197
375 258 1 0.388882393442197
375 275 1 0.388882393442197
375 291 1 0.388882393442197
375 308 1 0.388882393442197
375 325 1 0.388882393442197
375 341 1 0.388882393442197
375 358 1 0.388882393442197
375 375 1 0.388882393442197
375 391 1 0.388882393442197
375 408 1 0.388882393442197
375 425 1 0.388882393442197
375 441 1 0.388882393442197
375 458 1 0.388882393442197
375 475 1 0.388882393442197
375 491 1 0.388882393442197
375 508 1 0.388882393442197
375 525 1 0.388882393442197
375 541 1 0.388882393442197
375 558 1 0.388882393442197
375 575 1 0.388882393442197
375 591 1 0.388882393442197
375 608 1 0.388882393442197
375 625 1 0.388882393442197
375 641 1 0.388882393442197
375 658 1 0.388882393442197
375 675 1 0.388882393442197
375 691 1 0.388882393442197
375 708 1 0.388882393442197
375 725 1 0.388882393442197
375 741 1 0.388882393442197
375 758 1 0.388882393442197
375 775 1 0.388882393442197
375 791 1 0.388882393442197
375 808 1 0.388882393442197
375 825 1 0.388882393442197
375 841 1 0.388882393442197
375 858 1 0.388882393442197
375 875 1 0.388882393442197
375 891 1 0.388882393442197
375 908 1 0.388882393442197
375 925 1 0.388882393442197
375 941 1 0.388882393442197
375 958 1 0.388882393442197
375 975 1 0.388882393442197
375 991 1 0.388882393442197
391 8 1 0.388882393442197
391 25 1 0.388882393442197
391 41 1 0.388882393442197
391 58 1 0.388882393442197
391 75 1 0.388882393442197
391 91 1 0.388882393442197
391 108 1 0.388882393442197
391 125 1 0.388882393442197
391 141 1 0.388882393442197
391 158 1 0.388882393442197
391 175 1 0.388882393442197
391 191 1 0.388882393442197
391 208 1 0.388882393442197
391 225 1 0.388882393442197
391 241 1 0.388882393442197
391 258 1 0.388882393442197
391 275 1 0.388882393442197
391 291 1 0.388882393442197
391 308 1 0.388882393442197
391 325 1 0.388882393442197
391 341 1 0.388882393442197
391 358 1 0.388882393442197
391 375 1 0.388882393442197
391 391 1 0.388882393442197
391 408 1 0.388882393442197
391 425 1 0.388882393442197
391 441 1 0.388882393442197
391 458 1 0.388882393442197
391 475 1 0.388882393442197
391 491 1 0.388882393442197
391 508 1 0.388882393442197
391 525 1 0.388882393442197
391 541 1 0.388882393442197
391 558 1 0.388882393442197
391 575 1 0.388882393442197
391 591 1 0.388882393442197
391 608 1 0.388882393442197
391 625 1 0.388882393442197
391 641 1 0.388882393442197
391 658 1 0.388882393442197
391 675 1 0.388882393442197
391 691 1 0.388882393442197
391 708 1 0.388882393442197
391 725 1 0.388882393442197
391 741 1 0.388882393442197
391 758 1 0.388882393442197
391 775 1 0.388882393442197
391 791 1 0.388882393442197
391 808 1 0.388882393442197
391 825 1 0.388882393442197
391 841 1 0.388882393442197
391 858 1 0.388882393442197
391 875 1 0.388882393442197
391 891 1 0.388882393442197
391 908 1 0.388882393442197
391 925 1 0.388882393442197
391 941 1 0.388882393442197
391 958 1 0.388882393442197
391 975 1 0.388882393442197
391 991 1 0.388882393442197
408 8 1 0.388882393442197
408 25 1 0.388882393442197
408 41 1 0.388882393442197
408 58 1 0.388882393442197
408 75 1 0.388882393442197
408 91 1 0.388882393442197
408 108 1 0.388882393442197
408 125 1 0.388882393442197
408 141 1 0.388882393442197
408 158 1 0.388882393442197
408 175 1 0.388882393442197
408 191 1 0.388882393442197
408 208 1 0.388882393442197
408 225 1 0.388882393442197
408 241 1 0.388882393442197
408 258 1 0.388882393442197
408 275 1 0.388882393442197
408 291 1 0.388882393442197
408 308 1 0.388882393442197
408 325 1 0.388882393442197
408 341 1 0.388882393442197
408 358 1 0.388882393442197
408 375 1 0.388882393442197
408 391 1 0.388882393442197
408 408 1 0.388882393442197
408 425 1 0.388882393442197
408 441 1 0.388882393442197
408 458 1 0.388882393442197
408 475 1 0.388882393442197
408 491 1 0.388882393442197
408 508 1 0.388882393442197
408 525 1 0.388882393442197
408 541 1 0.388882393442197
408 558 1 0.388882393442197
408 575 1 0.388882393442197
408 591 1 0.388882393442197
408 608 1 0.388882393442197
408 625 1 0.388882393442197
408 641 1 0.388882393442197
408 658 1 0.388882393442197
408 675 1 0.388882393442197
408 691 1 0.388882393442197
408 708 1 0.388882393442197
408 725 1 0.388882393442197
408 741 1 0.388882393442197
408 758 1 0.388882393442197
408 775 1 0.388882393442197
408 791 1 0.388882393442197
408 808 1 0.388882393442197
408 825 1 0.388882393442197
408 841 1 0.388882393442197
408 858 1 0.388882393442197
408 875 1 0.388882393442197
408 891 1 0.388882393442197
408 908 1 0.388882393442197
408 925 1 0.388882393442197
408 941 1 0.388882393442197
408 958 1 0.388882393442197
408 975 1 0.388882393442197
408 991 1 0.388882393442197
425 8 1 0.388882393442197
425 25 1 0.388882393442197
425 41 1 0.388882393442197
425 58 1 0.388882393442197
425 75 1 0.388882393442197
425 91 1 0.388882393442197
425 108 1 0.388882393442197
425 125 1 0.388882393442197
425 141 1 0.388882393442197
425 158 1 0.388882393442197
425 175 1 0.388882393442197
425 191 1 0.388882393442197
425 208 1 0.388882393442197
425 225 1 0.388882393442197
425 241 1 0.388882393442197
425 258 1 0.388882393442197
425 275 1 0.388882393442197
425 291 1 0.388882393442197
425 308 1 0.388882393442197
425 325 1 0.388882393442197
425 341 1 0.388882393442197
425 358 1 0.388882393442197
425 375 1 0.388882393442197
425 391 1 0.388882393442197
425 408 1 0.388882393442197
425 425 1 0.388882393442197
425 441 1 0.388882393442197
425 458 1 0.388882393442197
425 475 1 0.388882393442197
425 491 1 0.388882393442197
425 508 1 0.388882393442197
425 525 1 0.388882393442197
425 541 1 0.388882393442197
425 558 1 0.388882393442197
425 575 1 0.388882393442197
425 591 1 0.388882393442197
425 608 1 0.388882393442197
425 625 1 0.388882393442197
425 641 1 0.388882393442197
425 658 1 0.388882393442197
425 675 1 0.388882393442197
425 691 1 0.388882393442197
425 708 1 0.388882393442197
425 725 1 0.388882393442197
425 741 1 0.388882393442197
425 758 1 0.388882393442197
425 775 1 0.388882393442197
425 791 1 0.388882393442197
425 808 1 0.388882393442197
425 825 1 0.388882393442197
425 841 1 0.388882393442197
425 858 1 0.388882393442197
425 875 1 0.388882393442197
425 891 1 0.388882393442197
425 908 1 0.388882393442197
425 925 1 0.388882393442197
425 941 1 0.388882393442197
425 958 1 0.388882393442197
425 975 1 0.388882393442197
425 991 1 0.388882393442197
441 8 1 0.388882393442197
441 25 1 0.388882393442197
441 41 1 0.388882393442197
441 58 1 0.388882393442197
441 75 1 0.388882393442197
441 91 1 0.388882393442197
441 108 1 0.388882393442197
441 125 1 0.388882393442197
441 141 1 0.388882393442197
441 158 1 0.388882393442197
441 175 1 0.388882393442197
441 191 1 0.388882393442197
441 208 1 0.388882393442197
441 225 1 0.388882393442197
441 241 1 0.388882393442197
441 258 1 0.388882393442197
441 275 1 0.388882393442197
441 291 1 0.388882393442197
441 308 1 0.388882393442197
441 325 1 0.388882393442197
441 341 1 0.388882393442197
441 358 1 0.388882393442197
441 375 1 0.388882393442197
441 391 1 0.388882393442197
441 408 1 0.388882393442197
441 425 1 0.388882393442197
441 441 1 0.388882393442197
441 458 1 0.388882393442197
441 475 1 0.388882393442197
441 491 1 0.388882393442197
441 508 1 0.388882393442197
441 525 1 0.388882393442197
441 541 1 0.388882393442197
441 558 1 0.388882393442197
441 575 1 0.388882393442197
441 591 1 0.388882393442197
441 608 1 0.388882393442197
441 625 1 0.388882393442197
441 641 1 0.388882393442197
441 658 1 0.388882393442197
441 675 1 0.388882393442197
441 691 1 0.388882393442197
441 708 1 0.388882393442197
441 725 1 0.388882393442197
441 741 1 0.388882393442197
441 758 1 0.388882393442197
441 775 1 0.388882393442197
441 791 1 0.388882393442197
441 808 1 0.388882393442197
441 825 1 0.388882393442197
441 841 1 0.388882393442197
441 858 1 0.388882393442197
441 875 1 0.388882393442197
441 891 1 0.388882393442197
441 908 1 0.388882393442197
441 925 1 0.388882393442197
441 941 1 0.388882393442197
441 958 1 0.388882393442197
441 975 1 0.388882393442197
441 991 1 0.388882393442197
458 8 1 0.388882393442197
458 25 1 0.388882393442197
458 41 1 0.388882393442197
458 58 1 0.388882393442197
458 75 1 0.388882393442197
458 91 1 0.388882393442197
458 108 1 0.388882393442197
458 125 1 0.388882393442197
458 141 1 0.388882393442197
458 158 1 0.388882393442197
458 175 1 0.388882393442197
458 191 1 0.388882393442197
458 208 1 0.388882393442197
458 225 1 0.388882393442197
458 241 1 0.388882393442197
458 258 1 0.388882393442197
458 275 1 0.388882393442197
458 291 1 0.388882393442197
458 308 1 0.388882393442197
458 325 1 0.388882393442197
458 341 1 0.388882393442197
458 358 1 0.388882393442197
458 375 1 0.388882393442197
458 391 1 0.388882393442197
458 408 1 0.388882393442197
458 425 1 0.388882393442197
458 441 1 0.388882393442197
458 458 1 0.388882393442197
458 475 1 0.388882393442197
458 491 1 0.388882393442197
458 508 1 0.388882393442197
458 525 1 0.388882393442197
458 541 1 0.388882393442197
458 558 1 0.388882393442197
458 575 1 0.388882393442197
458 591 1 0.388882393442197
458 608 1 0.388882393442197
458 625 1 0.388882393442197
458 641 1 0.388882393442197
458 658 1 0.388882393442197
458 675 1 0.388882393442197
458 691 1 0.388882393442197
458 708 1 0.388882393442197
458 725 1 0.388882393442197
458 741 1 0.388882393442197
458 758 1 0.388882393442197
458 775 1 0.388882393442197
458 791 1 0.388882393442197
458 808 1 0.388882393442197
458 825 1 0.388882393442197
458 841 1 0.388882393442197
458 858 1 0.388882393442197
458 875 1 0.388882393442197
458 891 1 0.388882393442197
458 908 1 0.388882393442197
458 925 1 0.388882393442197
458 941 1 0.388882393442197
458 958 1 0.388882393442197
458 975 1 0.388882393442197
458 991 1 0.388882393442197
475 8 1 0.388882393442197
475 25 1 0.388882393442197
475 41 1 0.388882393442197
475 58 1 0.388882393442197
475 75 1 0.388882393442197
475 91 1 0.388882393442197
475 108 1 0.388882393442197
475 125 1 0.388882393442197
475 141 1 0.388882393442197
475 158 1 0.388882393442197
475 175 1 0.388882393442197
475 191 1 0.388882393442197
475 208 1 0.388882393442197
475 225 1 0.388882393442197
475 241 1 0.388882393442197
475 258 1 0.388882393442197
475 275 1 0.388882393442197
475 291 1 0.388882393442197
475 308 1 0.388882393442197
475 325 1 0.388882393442197
475 341 1 0.388882393442197
475 358 1 0.388882393442197
475 375 1 0.388882393442197
475 391 1 0.388882393442197
475 408 1 0.388882393442197
475 425 1 0.388882393442197
475 441 1 0.388882393442197
475 458 1 0.388882393442197
475 475 1 0.388882393442197
475 491 1 0.388882393442197
475 508 1 0.388882393442197
475 525 1 0.388882393442197
475 541 1 0.388882393442197
475 558 1 0.388882393442197
475 575 1 0.388882393442197
475 591 1 0.388882393442197
475 608 1 0.388882393442197
475 625 1 0.388882393442197
475 641 1 0.388882393442197
475 658 1 0.388882393442197
475 675 1 0.388882393442197
475 691 1 0.388882393442197
475 708 1 0.388882393442197
475 725 1 0.388882393442197
475 741 1 0.388882393442197
475 758 1 0.388882393442197
475 775 1 0.388882393442197
475 791 1 0.388882393442197
475 808 1 0.388882393442197
475 825 1 0.388882393442197
475 841 1 0.388882393442197
475 858 1 0.388882393442197
475 875 1 0.388882393442197
475 891 1 0.388882393442197
475 908 1 0.388882393442197
475 925 1 0.388882393442197
475 941 1 0.388882393442197
475 958 1 0.388882393442197
475 975 1 0.388882393442197
475 991 1 0.388882393442197
491 8 1 0.388882393442197
491 25 1 0.388882393442197
491 41 1 0.388882393442197
491 58 1 0.388882393442197
491 75 1 0.388882393442197
491 91 1 0.388882393442197
491 108 1 0.388882393442197
491 125 1 0.388882393442197
491 141 1 0.388882393442197
491 158 1 0.388882393442197
491 175 1 0.388882393442197
491 191 1 0.388882393442197
491 208 1 0.388882393442197
491 225 1 0.388882393442197
491 241 1 0.388882393442197
491 258 1 0.388882393442197
491 275 1 0.388882393442197
491 291 1 0.388882393442197
491 308 1 0.388882393442197
491 325 1 0.388882393442197
491 341 1 0.388882393442197
491 358 1 0.388882393442197
491 375 1 0.388882393442197
491 391 1 0.388882393442197
491 408 1 0.388882393442197
491 425 1 0.388882393442197
491 441 1 0.388882393442197
491 458 1 0.388882393442197
491 475 1 0.388882393442197
491 491 1 0.388882393442197
491 508 1 0.388882393442197
491 525 1 0.388882393442197
491 541 1 0.388882393442197
491 558 1 0.388882393442197
491 575 1 0.388882393442197
491 591 1 0.388882393442197
491 608 1 0.388882393442197
491 625 1 0.388882393442197
491 641 1 0.388882393442197
491 658 1 0.388882393442197
491 675 1 0.388882393442197
491 691 1 0.388882393442197
491 708 1 0.388882393442197
491 725 1 0.388882393442197
491 741 1 0.388882393442197
491 758 1 0.388882393442197
491 775 1 0.388882393442197
491 791 1 0.388882393442197
491 808 1 0.388882393442197
491 825 1 0.388882393442197
491 841 1 0.388882393442197
491 858 1 0.388882393442197
491 875 1 0.388882393442197
491 891 1 0.388882393442197
491 908 1 0.388882393442197
491 925 1 0.388882393442197
491 941 1 0.388882393442197
491 958 1 0.388882393442197
491 975 1 0.388882393442197
491 991 1 0.388882393442197
508 8 1 0.388882393442197
508 25 1 0.388882393442197
508 41 1 0.388882393442197
508 58 1 0.388882393442197
508 75 1 0.388882393442197
508 91 1 0.388882393442197
508 108 1 0.388882393442197
508 125 1 0.388882393442197
508 141 1 0.388882393442197
508 158 1 0.388882393442197
508 175 1 0.388882393442197
508 191 1 0.388882393442197
508 208 1 0.388882393442197
508 225 1 0.388882393442197
508 241 1 0.388882393442197
508 258 1 0.388882393442197
508 275 1 0.388882393442197
508 291 1 0.388882393442197
508 308 1 0.388882393442197
508 325 1 0.388882393442197
508 341 1 0.388882393442197
508 358 1 0.388882393442197
508 375 1 0.388882393442197
508 391 1 0.388882393442197
508 408 1 0.388882393442197
508 425 1 0.388882393442197
508 441 1 0.388882393442197
508 458 1 0.388882393442197
508 475 1 0.388882393442197
508 491 1 0.388882393442197
508 508 1 0.388882393442197
508 525 1 0.388882393442197
508 541 1 0.388882393442197
508 558 1 0.388882393442197
508 575 1 0.388882393442197
508 591 1 0.388882393442197
508 608 1 0.388882393442197
508 625 1 0.388882393442197
508 641 1 0.388882393442197
508 658 1 0.388882393442197
508 675 1 0.388882393442197
508 691 1 0.388882393442197
508 708 1 0.388882393442197
508 725 1 0.388882393442197
508 741 1 0.388882393442197
508 758 1 0.388882393442197
508 775 1 0.388882393442197
508 791 1 0.388882393442197
508 808 1 0.388882393442197
508 825 1 0.388882393442197
508 841 1 0.388882393442197
508 858 1 0.388882393442197
508 875 1 0.388882393442197
508 891 1 0.388882393442197
508 908 1 0.388882393442197
508 925 1 0.388882393442197
508 941 1 0.388882393442197
508 958 1 0.388882393442197
508 975 1 0.388882393442197
508 991 1 0.388882393442197
525 8 1 0.388882393442197
525 25 1 0.388882393442197
525 41 1 0.388882393442197
525 58 1 0.388882393442197
525 75 1 0.388882393442197
525 91 1 0.388882393442197
525 108 1 0.388882393442197
525 125 1 0.388882393442197
525 141 1 0.388882393442197
525 158 1 0.388882393442197
525 175 1 0.388882393442197
525 191 1 0.388882393442197
525 208 1 0.388882393442197
525 225 1 0.388882393442197
525 241 1 0.388882393442197
525 258 1 0.388882393442197
525 275 1 0.388882393442197
525 291 1 0.388882393442197
525 308 1 0.388882393442197
525 325 1 0.388882393442197
525 341 1 0.388882393442197
525 358 1 0.388882393442197
525 375 1 0.388882393442197
525 391 1 0.388882393442197
525 408 1 0.388882393442197
525 425 1 0.388882393442197
525 441 1 0.388882393442197
525 458 1 0.388882393442197
525 475 1 0.388882393442197
525 491 1 0.388882393442197
525 508 1 0.388882393442197
525 525 1 0.388882393442197
525 541 1 0.388882393442197
525 558 1 0.388882393442197
525 575 1 0.388882393442197
525 591 1 0.388882393442197
525 608 1 0.388882393442197
525 625 1 0.388882393442197
525 641 1 0.388882393442197
525 658 1 0.388882393442197
525 675 1 0.388882393442197
525 691 1 0.388882393442197
525 708 1 0.388882393442197
525 725 1 0.388882393442197
525 741 1 0.388882393442197
525 758 1 0.388882393442197
525 775 1 0.388882393442197
525 791 1 0.388882393442197
525 808 1 0.388882393442197
525 825 1 0.388882393442197
525 841 1 0.388882393442197
525 858 1 0.388882393442197
525 875 1 0.388882393442197
525 891 1 0.388882393442197
525 908 1 0.388882393442197
525 925 1 0.388882393442197
525 941 1 0.388882393442197
525 958 1 0.388882393442197
525 975 1 0.388882393442197
525 991 1 0.388882393442197
541 8 1 0.388882393442197
541 25 1 0.388882393442197
541 41 1 0.388882393442197
541 58 1 0.388882393442197
541 75 1 0.388882393442197
541 91 1 0.388882393442197
541 108 1 0.388882393442197
541 125 1 0.388882393442197
541 141 1 0.388882393442197
541 158 1 0.388882393442197
541 175 1 0.388882393442197
541 191 1 0.388882393442197
541 208 1 0.388882393442197
541 225 1 0.388882393442197
541 241 1 0.388882393442197
541 258 1 0.388882393442197
541 275 1 0.388882393442197
541 291 1 0.388882393442197
541 308 1 0.388882393442197
541 325 1 0.388882393442197
541 341 1 0.388882393442197
541 358 1 0.388882393442197
541 375 1 0.388882393442197
541 391 1 0.388882393442197
541 408 1 0.388882393442197
541 425 1 0.388882393442197
541 441 1 0.388882393442197
541 458 1 0.388882393442197
541 475 1 0.388882393442197
541 491 1 0.388882393442197
541 508 1 0.388882393442197
541 525 1 0.388882393442197
541 541 1 0.388882393442197
541 558 1 0.388882393442197
541 575 1 0.388882393442197
541 591 1 0.388882393442197
541 608 1 0.388882393442197
541 625 1 0.388882393442197
541 641 1 0.388882393442197
541 658 1 0.388882393442197
541 675 1 0.388882393442197
541 691 1 0.388882393442197
541 708 1 0.388882393442197
541 725 1 0.388882393442197
541 741 1 0.388882393442197
541 758 1 0.388882393442197
541 775 1 0.388882393442197
541 791 1 0.388882393442197
541 808 1 0.388882393442197
541 825 1 0.388882393442197
541 841 1 0.388882393442197
541 858 1 0.388882393442197
541 875 1 0.388882393442197
541 891 1 0.388882393442197
541 908 1 0.388882393442197
541 925 1 0.388882393442197
541 941 1 0.388882393442197
541 958 1 0.388882393442197
541 975 1 0.388882393442197
541 991 1 0.388882393442197
558 8 1 0.388882393442197
558 25 1 0.388882393442197
558 41 1 0.388882393442197
558 58 1 0.388882393442197
558 75 1 0.388882393442197
558 91 1 0.388882393442197
558 108 1 0.388882393442197
558 125 1 0.388882393442197
558 141 1 0.388882393442197
558 158 1 0.388882393442197
558 175 1 0.388882393442197
558 191 1 0.388882393442197
558 208 1 0.388882393442197
558 225 1 0.388882393442197
558 241 1 0.388882393442197
558 258 1 0.388882393442197
558 275 1 0.388882393442197
558 291 1 0.388882393442197
558 308 1 0.388882393442197
558 325 1 0.388882393442197
558 341 1 0.388882393442197
558 358 1 0.388882393442197
558 375 1 0.388882393442197
558 391 1 0.388882393442197
558 408 1 0.388882393442197
558 425 1 0.388882393442197
558 441 1 0.388882393442197
558 458 1 0.388882393442197
558 475 1 0.388882393442197
558 491 1 0.388882393442197
558 508 1 0.388882393442197
558 525 1 0.388882393442197
558 541 1 0.388882393442197
558 558 1 0.388882393442197
558 575 1 0.388882393442197
558 591 1 0.388882393442197
558 608 1 0.388882393442197
558 625 1 0.388882393442197
558 641 1 0.388882393442197
558 658 1 0.388882393442197
558 675 1 0.388882393442197
558 691 1 0.388882393442197
558 708 1 0.388882393442197
558 725 1 0.388882393442197
558 741 1 0.388882393442197
558 758 1 0.388882393442197
558 775 1 0.388882393442197
558 791 1 0.388882393442197
558 808 1 0.388882393442197
558 825 1 0.388882393442197
558 841 1 0.388882393442197
558 858 1 0.388882393442197
558 875 1 0.388882393442197
558 891 1 0.388882393442197
558 908 1 0.388882393442197
558 925 1 0.388882393442197
558 941 1 0.388882393442197
558 958 1 0.388882393442197
558 975 1 0.388882393442197
558 991 1 0.388882393442197
575 8 1 0.388882393442197
575 25 1 0.388882393442197
575 41 1 0.388882393442197
575 58 1 0.388882393442197
575 75 1 0.388882393442197
575 91 1 0.388882393442197
575 108 1 0.388882393442197
575 125 1 0.388882393442197
575 141 1 0.388882393442197
575 158 1 0.388882393442197
575 175 1 0.388882393442197
575 191 1 0.388882393442197
575 208 1 0.388882393442197
575 225 1 0.388882393442197
575 241 1 0.388882393442197
575 258 1 0.388882393442197
575 275 1 0.388882393442197
575 291 1 0.388882393442197
575 308 1 0.388882393442197
575 325 1 0.388882393442197
575 341 1 0.388882393442197
575 358 1 0.388882393442197
575 375 1 0.388882393442197
575 391 1 0.388882393442197
575 408 1 0.388882393442197
575 425 1 0.388882393442197
575 441 1 0.388882393442197
575 458 1 0.388882393442197
575 475 1 0.388882393442197
575 491 1 0.388882393442197
575 508 1 0.388882393442197
575 525 1 0.388882393442197
575 541 1 0.388882393442197
575 558 1 0.388882393442197
575 575 1 0.388882393442197
575 591 1 0.388882393442197
575 608 1 0.388882393442197
575 625 1 0.388882393442197
575 641 1 0.388882393442197
575 658 1 0.388882393442197
575 675 1 0.388882393442197
575 691 1 0.388882393442197
575 708 1 0.388882393442197
575 725 1 0.388882393442197
575 741 1 0.388882393442197
575 758 1 0.388882393442197
575 775 1 0.388882393442197
575 791 1 0.388882393442197
575 808 1 0.388882393442197
575 825 1 0.388882393442197
575 841 1 0.388882393442197
575 858 1 0.388882393442197
575 875 1 0.388882393442197
575 891 1 0.388882393442197
575 908 1 0.388882393442197
575 925 1 0.388882393442197
575 941 1 0.388882393442197
575 958 1 0.388882393442197
575 975 1 0.388882393442197
575 991 1 0.388882393442197
591 8 1 0.388882393442197
591 25 1 0.388882393442197
591 41 1 0.388882393442197
591 58 1 0.388882393442197
591 75 1 0.388882393442197
591 91 1 0.388882393442197
591 108 1 0.388882393442197
591 125 1 0.388882393442197
591 141 1 0.388882393442197
591 158 1 0.388882393442197
591 175 1 0.388882393442197
591 191 1 0.388882393442197
591 208 1 0.388882393442197
591 225 1 0.388882393442197
591 241 1 0.388882393442197
591 258 1 0.388882393442197
591 275 1 0.388882393442197
591 291 1 0.388882393442197
591 308 1 0.388882393442197
591 325 1 0.388882393442197
591 341 1 0.388882393442197
591 358 1 0.388882393442197
591 375 1 0.388882393442197
591 391 1 0.388882393442197
591 408 1 0.388882393442197
591 425 1 0.388882393442197
591 441 1 0.388882393442197
591 458 1 0.388882393442197
591 475 1 0.388882393442197
591 491 1 0.388882393442197
591 508 1 0.388882393442197
591 525 1 0.388882393442197
591 541 1 0.388882393442197
591 558 1 0.388882393442197
591 575 1 0.388882393442197
591 591 1 0.388882393442197
591 608 1 0.388882393442197
591 625 1 0.388882393442197
591 641 1 0.388882393442197
591 658 1 0.388882393442197
591 675 1 0.388882393442197
591 691 1 0.388882393442197
591 708 1 0.388882393442197
591 725 1 0.388882393442197
591 741 1 0.388882393442197
591 758 1 0.388882393442197
591 775 1 0.388882393442197
591 791 1 0.388882393442197
591 808 1 0.388882393442197
591 825 1 0.388882393442197
591 841 1 0.388882393442197
591 858 1 0.388882393442197
591 875 1 0.388882393442197
591 891 1 0.388882393442197
591 908 1 0.388882393442197
591 925 1 0.388882393442197
591 941 1 0.388882393442197
591 958 1 0.388882393442197
591 975 1 0.388882393442197
591 991 1 0.388882393442197
608 8 1 0.388882393442197
608 25 1 0.388882393442197
608 41 1 0.388882393442197
608 58 1 0.388882393442197
608 75 1 0.388882393442197
608 91 1 0.388882393442197
608 108 1 0.388882393442197
608 125 1 0.388882393442197
608 141 1 0.388882393442197
608 158 1 0.388882393442197
608 175 1 0.388882393442197
608 191 1 0.388882393442197
608 208 1 0.388882393442197
608 225 1 0.388882393442197
608 241 1 0.388882393442197
608 258 1 0.388882393442197
608 275 1 0.388882393442197
608 291 1 0.388882393442197
608 308 1 0.388882393442197
608 325 1 0.388882393442197
608 341 1 0.388882393442197
608 358 1 0.388882393442197
608 375 1 0.388882393442197
608 391 1 0.388882393442197
608 408 1 0.388882393442197
608 425 1 0.388882393442197
608 441 1 0.388882393442197
608 458 1 0.388882393442197
608 475 1 0.388882393442197
608 491 1 0.388882393442197
608 508 1 0.388882393442197
608 525 1 0.388882393442197
608 541 1 0.388882393442197
608 558 1 0.388882393442197
608 575 1 0.388882393442197
608 591 1 0.388882393442197
608 608 1 0.388882393442197
608 625 1 0.388882393442197
608 641 1 0.388882393442197
608 658 1 0.388882393442197
608 675 1 0.388882393442197
608 691 1 0.388882393442197
608 708 1 0.388882393442197
608 725 1 0.388882393442197
608 741 1 0.388882393442197
608 758 1 0.388882393442197
608 775 1 0.388882393442197
608 791 1 0.388882393442197
608 808 1 0.388882393442197
608 825 1 0.388882393442197
608 841 1 0.388882393442197
608 858 1 0.388882393442197
608 875 1 0.388882393442197
608 891 1 0.388882393442197
608 908 1 0.388882393442197
608 925 1 0.388882393442197
608 941 1 0.388882393442197
608 958 1 0.388882393442197
608 975 1 0.388882393442197
608 991 1 0.388882393442197
625 8 1 0.388882393442197
625 25 1 0.388882393442197
625 41 1 0.388882393442197
625 58 1 0.388882393442197
625 75 1 0.388882393442197
625 91 1 0.388882393442197
625 108 1 0.388882393442197
625 125 1 0.388882393442197
625 141 1 0.388882393442197
625 158 1 0.388882393442197
625 175 1 0.388882393442197
625 191 1 0.388882393442197
625 208 1 0.388882393442197
625 225 1 0.388882393442197
625 241 1 0.388882393442197
625 258 1 0.388882393442197
625 275 1 0.388882393442197
625 291 1 0.388882393442197
625 308 1 0.388882393442197
625 325 1 0.388882393442197
625 341 1 0.388882393442197
625 358 1 0.388882393442197
625 375 1 0.388882393442197
625 391 1 0.388882393442197
625 408 1 0.388882393442197
625 425 1 0.388882393442197
625 441 1 0.388882393442197
625 458 1 0.388882393442197
625 475 1 0.388882393442197
625 491 1 0.388882393442197
625 508 1 0.388882393442197
625 525 1 0.388882393442197
625 541 1 0.388882393442197
625 558 1 0.388882393442197
625 575 1 0.388882393442197
625 591 1 0.388882393442197
625 608 1 0.388882393442197
625 625 1 0.388882393442197
625 641 1 0.388882393442197
625 658 1 0.388882393442197
625 675 1 0.388882393442197
625 691 1 0.388882393442197
625 708 1 0.388882393442197
625 725 1 0.388882393442197
625 741 1 0.388882393442197
625 758 1 0.388882393442197
625 775 1 0.388882393442197
625 791 1 0.388882393442197
625 808 1 0.388882393442197
625 825 1 0.388882393442197
625 841 1 0.388882393442197
625 858 1 0.388882393442197
625 875 1 0.388882393442197
625 891 1 0.388882393442197
625 908 1 0.388882393442197
625 925 1 0.388882393442197
625 941 1 0.388882393442197
625 958 1 0.388882393442197
625 975 1 0.388882393442197
625 991 1 0.388882393442197
641 8 1 0.388882393442197
641 25 1 0.388882393442197
641 41 1 0.388882393442197
641 58 1 0.388882393442197
641 75 1 0.388882393442197
641 91 1 0.388882393442197
641 108 1 0.388882393442197
641 125 1 0.388882393442197
641 141 1 0.388882393442197
641 158 1 0.388882393442197
641 175 1 0.388882393442197
641 191 1 0.388882393442197
641 208 1 0.388882393442197
641 225 1 0.388882393442197
641 241 1 0.388882393442197
641 258 1 0.388882393442197
641 275 1 0.388882393442197
641 291 1 0.388882393442197
641 308 1 0.388882393442197
641 325 1 0.388882393442197
641 341 1 0.388882393442197
641 358 1 0.388882393442197
641 375 1 0.388882393442197
641 391 1 0.388882393442197
641 408 1 0.388882393442197
641 425 1 0.388882393442197
641 441 1 0.388882393442197
641 458 1 0.388882393442197
641 475 1 0.388882393442197
641 491 1 0.388882393442197
641 508 1 0.388882393442197
641 525 1 0.388882393442197
641 541 1 0.388882393442197
641 558 1 0.388882393442197
641 575 1 0.388882393442197
641 591 1 0.388882393442197
641 608 1 0.388882393442197
641 625 1 0.388882393442197
641 641 1 0.388882393442197
641 658 1 0.388882393442197
641 675 1 0.388882393442197
641 691 1 0.388882393442197
641 708 1 0.388882393442197
641 725 1 0.388882393442197
641 741 1 0.388882393442197
641 758 1 0.388882393442197
641 775 1 0.388882393442197
641 791 1 0.388882393442197
641 808 1 0.388882393442197
641 825 1 0.388882393442197
641 841 1 0.388882393442197
641 858 1 0.388882393442197
641 875 1 0.388882393442197
641 891 1 0.388882393442197
641 908 1 0.388882393442197
641 925 1 0.388882393442197
641 941 1 0.388882393442197
641 958 1 0.388882393442197
641 975 1 0.388882393442197
641 991 1 0.388882393442197
658 8 1 0.388882393442197
658 25 1 0.388882393442197
658 41 1 0.388882393442197
658 58 1 0.388882393442197
658 75 1 0.388882393442197
658 91 1 0.388882393442197
658 108 1 0.388882393442197
658 125 1 0.388882393442197
658 141 1 0.388882393442197
658 158 1 0.388882393442197
658 175 1 0.388882393442197
658 191 1 0.388882393442197
658 208 1 0.388882393442197
658 225 1 0.388882393442197
658 241 1 0.388882393442197
658 258 1 0.388882393442197
658 275 1 0.388882393442197
658 291 1 0.388882393442197
658 308 1 0.388882393442197
658 325 1 0.388882393442197
658 341 1 0.388882393442197
658 358 1 0.388882393442197
658 375 1 0.388882393442197
658 391 1 0.388882393442197
658 408 1 0.388882393442197
658 425 1 0.388882393442197
658 441 1 0.388882393442197
658 458 1 0.388882393442197
658 475 1 0.388882393442197
658 491 1 0.388882393442197
658 508 1 0.388882393442197
658 525 1 0.388882393442197
658 541 1 0.388882393442197
658 558 1 0.388882393442197
658 575 1 0.388882393442197
658 591 1 0.388882393442197
658 608 1 0.388882393442197
658 625 1 0.388882393442197
658 641 1 0.388882393442197
658 658 1 0.388882393442197
658 675 1 0.388882393442197
658 691 1 0.388882393442197
658 708 1 0.388882393442197
658 725 1 0.388882393442197
658 741 1 0.388882393442197
658 758 1 0.388882393442197
658 775 1 0.388882393442197
658 791 1 0.388882393442197
658 808 1 0.388882393442197
658 825 1 0.388882393442197
658 841 1 0.388882393442197
658 858 1 0.388882393442197
658 875 1 0.388882393442197
658 891 1 0.388882393442197
658 908 1 0.388882393442197
658 925 1 0.388882393442197
658 941 1 0.388882393442197
658 958 1 0.388882393442197
658 975 1 0.388882393442197
658 991 1 0.388882393442197
675 8 1 0.388882393442197
675 25 1 0.388882393442197
675 41 1 0.388882393442197
675 58 1 0.388882393442197
675 75 1 0.388882393442197
675 91 1 0.388882393442197
675 108 1 0.388882393442197
675 125 1 0.388882393442197
675 141 1 0.388882393442197
675 158 1 0.388882393442197
675 175 1 0.388882393442197
675 191 1 0.388882393442197
675 208 1 0.388882393442197
675 225 1 0.388882393442197
675 241 1 0.388882393442197
675 258 1 0.388882393442197
675 275 1 0.388882393442197
675 291 1 0.388882393442197
675 308 1 0.388882393442197
675 325 1 0.388882393442197
675 341 1 0.388882393442197
675 358 1 0.388882393442197
675 375 1 0.388882393442197
675 391 1 0.388882393442197
675 408 1 0.388882393442197
675 425 1 0.388882393442197
675 441 1 0.388882393442197
675 458 1 0.388882393442197
675 475 1 0.388882393442197
675 491 1 0.388882393442197
675 508 1 0.388882393442197
675 525 1 0.388882393442197
675 541 1 0.388882393442197
675 558 1 0.388882393442197
675 575 1 0.388882393442197
675 591 1 0.388882393442197
675 608 1 0.388882393442197
675 625 1 0.388882393442197
675 641 1 0.388882393442197
675 658 1 0.388882393442197
675 675 1 0.388882393442197
675 691 1 0.388882393442197
675 708 1 0.388882393442197
675 725 1 0.388882393442197
675 741 1 0.388882393442197
675 758 1 0.388882393442197
675 775 1 0.388882393442197
675 791 1 0.388882393442197
675 808 1 0.388882393442197
675 825 1 0.388882393442197
675 841 1 0.388882393442197
675 858 1 0.388882393442197
675 875 1 0.388882393442197
675 891 1 0.388882393442197
675 908 1 0.388882393442197
675 925 1 0.388882393442197
675 941 1 0.388882393442197
675 958 1 0.388882393442197
675 975 1 0.388882393442197
675 991 1 0.388882393442197
691 8 1 0.388882393442197
691 25 1 0.388882393442197
691 41 1 0.388882393442197
691 58 1 0.388882393442197
691 75 1 0.388882393442197
691 91 1 0.388882393442197
691 108 1 0.388882393442197
691 125 1 0.388882393442197
691 141 1 0.388882393442197
691 158 1 0.388882393442197
691 175 1 0.388882393442197
691 191 1 0.388882393442197
691 208 1 0.388882393442197
691 225 1 0.388882393442197
691 241 1 0.388882393442197
691 258 1 0.388882393442197
691 275 1 0.388882393442197
691 291 1 0.388882393442197
691 308 1 0.388882393442197
691 325 1 0.388882393442197
691 341 1 0.388882393442197
691 358 1 0.388882393442197
691 375 1 0.388882393442197
691 391 1 0.388882393442197
691 408 1 0.388882393442197
691 425 1 0.388882393442197
691 441 1 0.388882393442197
691 458 1 0.388882393442197
691 475 1 0.388882393442197
691 491 1 0.388882393442197
691 508 1 0.388882393442197
691 525 1 0.388882393442197
691 541 1 0.388882393442197
691 558 1 0.388882393442197
691 575 1 0.388882393442197
691 591 1 0.388882393442197
691 608 1 0.388882393442197
691 625 1 0.388882393442197
691 641 1 0.388882393442197
691 658 1 0.388882393442197
691 675 1 0.388882393442197
691 691 1 0.388882393442197
691 708 1 0.388882393442197
691 725 1 0.388882393442197
691 741 1 0.388882393442197
691 758 1 0.388882393442197
691 775 1 0.388882393442197
691 791 1 0.388882393442197
691 808 1 0.388882393442197
691 825 1 0.388882393442197
691 841 1 0.388882393442197
691 858 1 0.388882393442197
691 875 1 0.388882393442197
691 891 1 0.388882393442197
691 908 1 0.388882393442197
691 925 1 0.388882393442197
691 941 1 0.388882393442197
691 958 1 0.388882393442197
691 975 1 0.388882393442197
691 991 1 0.388882393442197
708 8 1 0.388882393442197
708 25 1 0.388882393442197
708 41 1 0.388882393442197
708 58 1 0.388882393442197
708 75 1 0.388882393442197
708 91 1 0.388882393442197
708 108 1 0.388882393442197
708 125 1 0.388882393442197
708 141 1 0.388882393442197
708 158 1 0.388882393442197
708 175 1 0.388882393442197
708 191 1 0.388882393442197
708 208 1 0.388882393442197
708 225 1 0.388882393442197
708 241 1 0.388882393442197
708 258 1 0.388882393442197
708 275 1 0.388882393442197
708 291 1 0.388882393442197
708 308 1 0.388882393442197
708 325 1 0.388882393442197
708 341 1 0.388882393442197
708 358 1 0.388882393442197
708 375 1 0.388882393442197
708 391 1 0.388882393442197
708 408 1 0.388882393442197
708 425 1 0.388882393442197
708 441 1 0.388882393442197
708 458 1 0.388882393442197
708 475 1 0.388882393442197
708 491 1 0.388882393442197
708 508 1 0.388882393442197
708 525 1 0.388882393442197
708 541 1 0.388882393442197
708 558 1 0.388882393442197
708 575 1 0.388882393442197
708 591 1 0.388882393442197
708 608 1 0.388882393442197
708 625 1 0.388882393442197
708 641 1 0.388882393442197
708 658 1 0.388882393442197
708 675 1 0.388882393442197
708 691 1 0.388882393442197
708 708 1 0.388882393442197
708 725 1 0.388882393442197
708 741 1 0.388882393442197
708 758 1 0.388882393442197
708 775 1 0.388882393442197
708 791 1 0.388882393442197
708 808 1 0.388882393442197
708 825 1 0.388882393442197
708 841 1 0.388882393442197
708 858 1 0.388882393442197
708 875 1 0.388882393442197
708 891 1 0.388882393442197
708 908 1 0.388882393442197
708 925 1 0.388882393442197
708 941 1 0.388882393442197
708 958 1 0.388882393442197
708 975 1 0.388882393442197
708 991 1 0.388882393442197
725 8 1 0.388882393442197
725 25 1 0.388882393442197
725 41 1 0.388882393442197
725 58 1 0.388882393442197
725 75 1 0.388882393442197
725 91 1 0.388882393442197
725 108 1 0.388882393442197
725 125 1 0.388882393442197
725 141 1 0.388882393442197
725 158 1 0.388882393442197
725 175 1 0.388882393442197
725 191 1 0.388882393442197
725 208 1 0.388882393442197
725 225 1 0.388882393442197
725 241 1 0.388882393442197
725 258 1 0.388882393442197
725 275 1 0.388882393442197
725 291 1 0.388882393442197
725 308 1 0.388882393442197
725 325 1 0.388882393442197
725 341 1 0.388882393442197
725 358 1 0.388882393442197
725 375 1 0.388882393442197
725 391 1 0.388882393442197
725 408 1 0.388882393442197
725 425 1 0.388882393442197
725 441 1 0.388882393442197
725 458 1 0.388882393442197
725 475 1 0.388882393442197
725 491 1 0.388882393442197
725 508 1 0.388882393442197
725 525 1 0.388882393442197
725 541 1 0.388882393442197
725 558 1 0.388882393442197
725 575 1 0.388882393442197
725 591 1 0.388882393442197
725 608 1 0.388882393442197
725 625 1 0.388882393442197
725 641 1 0.388882393442197
725 658 1 0.388882393442197
725 675 1 0.388882393442197
725 691 1 0.388882393442197
725 708 1 0.388882393442197
725 725 1 0.388882393442197
725 741 1 0.388882393442197
725 758 1 0.388882393442197
725 775 1 0.388882393442197
725 791 1 0.388882393442197
725 808 1 0.388882393442197
725 825 1 0.388882393442197
725 841 1 0.388882393442197
725 858 1 0.388882393442197
725 875 1 0.388882393442197
725 891 1 0.388882393442197
725 908 1 0.388882393442197
725 925 1 0.388882393442197
725 941 1 0.388882393442197
725 958 1 0.388882393442197
725 975 1 0.388882393442197
725 991 1 0.388882393442197
741 8 1 0.388882393442197
741 25 1 0.388882393442197
741 41 1 0.388882393442197
741 58 1 0.388882393442197
741 75 1 0.388882393442197
741 91 1 0.388882393442197
741 108 1 0.388882393442197
741 125 1 0.388882393442197
741 141 1 0.388882393442197
741 158 1 0.388882393442197
741 175 1 0.388882393442197
741 191 1 0.388882393442197
741 208 1 0.388882393442197
741 225 1 0.388882393442197
741 241 1 0.388882393442197
741 258 1 0.388882393442197
741 275 1 0.388882393442197
741 291 1 0.388882393442197
741 308 1 0.388882393442197
741 325 1 0.388882393442197
741 341 1 0.388882393442197
741 358 1 0.388882393442197
741 375 1 0.388882393442197
741 391 1 0.388882393442197
741 408 1 0.388882393442197
741 425 1 0.388882393442197
741 441 1 0.388882393442197
741 458 1 0.388882393442197
741 475 1 0.388882393442197
741 491 1 0.388882393442197
741 508 1 0.388882393442197
741 525 1 0.388882393442197
741 541 1 0.388882393442197
741 558 1 0.388882393442197
741 575 1 0.388882393442197
741 591 1 0.388882393442197
741 608 1 0.388882393442197
741 625 1 0.388882393442197
741 641 1 0.388882393442197
741 658 1 0.388882393442197
741 675 1 0.388882393442197
741 691 1 0.388882393442197
741 708 1 0.388882393442197
741 725 1 0.388882393442197
741 741 1 0.388882393442197
741 758 1 0.388882393442197
741 775 1 0.388882393442197
741 791 1 0.388882393442197
741 808 1 0.388882393442197
741 825 1 0.388882393442197
741 841 1 0.388882393442197
741 858 1 0.388882393442197
741 875 1 0.388882393442197
741 891 1 0.388882393442197
741 908 1 0.388882393442197
741 925 1 0.388882393442197
741 941 1 0.388882393442197
741 958 1 0.388882393442197
741 975 1 0.388882393442197
741 991 1 0.388882393442197
758 8 1 0.388882393442197
758 25 1 0.388882393442197
758 41 1 0.388882393442197
758 58 1 0.388882393442197
758 75 1 0.388882393442197
758 91 1 0.388882393442197
758 108 1 0.388882393442197
758 125 1 0.388882393442197
758 141 1 0.388882393442197
758 158 1 0.388882393442197
758 175 1 0.388882393442197
758 191 1 0.388882393442197
758 208 1 0.388882393442197
758 225 1 0.388882393442197
758 241 1 0.388882393442197
758 258 1 0.388882393442197
758 275 1 0.388882393442197
758 291 1 0.388882393442197
758 308 1 0.388882393442197
758 325 1 0.388882393442197
758 341 1 0.388882393442197
758 358 1 0.388882393442197
758 375 1 0.388882393442197
758 391 1 0.388882393442197
758 408 1 0.388882393442197
758 425 1 0.388882393442197
758 441 1 0.388882393442197
758 458 1 0.388882393442197
758 475 1 0.388882393442197
758 491 1 0.388882393442197
758 508 1 0.388882393442197
758 525 1 0.388882393442197
758 541 1 0.388882393442197
758 558 1 0.388882393442197
758 575 1 0.388882393442197
758 591 1 0.388882393442197
758 608 1 0.388882393442197
758 625 1 0.388882393442197
758 641 1 0.388882393442197
758 658 1 0.388882393442197
758 675 1 0.388882393442197
758 691 1 0.388882393442197
758 708 1 0.388882393442197
758 725 1 0.388882393442197
758 741 1 0.388882393442197
758 758 1 0.388882393442197
758 775 1 0.388882393442197
758 791 1 0.388882393442197
758 808 1 0.388882393442197
758 825 1 0.388882393442197
758 841 1 0.388882393442197
758 858 1 0.388882393442197
758 875 1 0.388882393442197
758 891 1 0.388882393442197
758 908 1 0.388882393442197
758 925 1 0.388882393442197
758 941 1 0.388882393442197
758 958 1 0.388882393442197
758 975 1 0.388882393442197
758 991 1 0.388882393442197
775 8 1 0.388882393442197
775 25 1 0.388882393442197
775 41 1 0.388882393442197
775 58 1 0.388882393442197
775 75 1 0.388882393442197
775 91 1 0.388882393442197
775 108 1 0.388882393442197
775 125 1 0.388882393442197
775 141 1 0.388882393442197
775 158 1 0.388882393442197
775 175 1 0.388882393442197
775 191 1 0.388882393442197
775 208 1 0.388882393442197
775 225 1 0.388882393442197
775 241 1 0.388882393442197
775 258 1 0.388882393442197
775 275 1 0.388882393442197
775 291 1 0.388882393442197
775 308 1 0.388882393442197
775 325 1 0.388882393442197
775 341 1 0.388882393442197
775 358 1 0.388882393442197
775 375 1 0.388882393442197
775 391 1 0.388882393442197
775 408 1 0.388882393442197
775 425 1 0.388882393442197
775 441 1 0.388882393442197
775 458 1 0.388882393442197
775 475 1 0.388882393442197
775 491 1 0.388882393442197
775 508 1 0.388882393442197
775 525 1 0.388882393442197
775 541 1 0.388882393442197
775 558 1 0.388882393442197
775 575 1 0.388882393442197
775 591 1 0.388882393442197
775 608 1 0.388882393442197
775 625 1 0.388882393442197
775 641 1 0.388882393442197
775 658 1 0.388882393442197
775 675 1 0.388882393442197
775 691 1 0.388882393442197
775 708 1 0.388882393442197
775 725 1 0.388882393442197
775 741 1 0.388882393442197
775 758 1 0.388882393442197
775 775 1 0.388882393442197
775 791 1 0.388882393442197
775 808 1 0.388882393442197
775 825 1 0.388882393442197
775 841 1 0.388882393442197
775 858 1 0.388882393442197
775 875 1 0.388882393442197
775 891 1 0.388882393442197
775 908 1 0.388882393442197
775 925 1 0.388882393442197
775 941 1 0.388882393442197
775 958 1 0.388882393442197
775 975 1 0.388882393442197
775 991 1 0.388882393442197
791 8 1 0.388882393442197
791 25 1 0.388882393442197
791 41 1 0.388882393442197
791 58 1 0.388882393442197
791 75 1 0.388882393442197
791 91 1 0.388882393442197
791 108 1 0.388882393442197
791 125 1 0.388882393442197
791 141 1 0.388882393442197
791 158 1 0.388882393442197
791 175 1 0.388882393442197
791 191 1 0.388882393442197
791 208 1 0.388882393442197
791 225 1 0.388882393442197
791 241 1 0.388882393442197
791 258 1 0.388882393442197
791 275 1 0.388882393442197
791 291 1 0.388882393442197
791 308 1 0.388882393442197
791 325 1 0.388882393442197
791 341 1 0.388882393442197
791 358 1 0.388882393442197
791 375 1 0.388882393442197
791 391 1 0.388882393442197
791 408 1 0.388882393442197
791 425 1 0.388882393442197
791 441 1 0.388882393442197
791 458 1 0.388882393442197
791 475 1 0.388882393442197
791 491 1 0.388882393442197
791 508 1 0.388882393442197
791 525 1 0.388882393442197
791 541 1 0.388882393442197
791 558 1 0.388882393442197
791 575 1 0.388882393442197
791 591 1 0.388882393442197
791 608 1 0.388882393442197
791 625 1 0.388882393442197
791 641 1 0.388882393442197
791 658 1 0.388882393442197
791 675 1 0.388882393442197
791 691 1 0.388882393442197
791 708 1 0.388882393442197
791 725 1 0.388882393442197
791 741 1 0.388882393442197
791 758 1 0.388882393442197
791 775 1 0.388882393442197
791 791 1 0.388882393442197
791 808 1 0.388882393442197
791 825 1 0.388882393442197
791 841 1 0.388882393442197
791 858 1 0.388882393442197
791 875 1 0.388882393442197
791 891 1 0.388882393442197
791 908 1 0.388882393442197
791 925 1 0.388882393442197
791 941 1 0.388882393442197
791 958 1 0.388882393442197
791 975 1 0.388882393442197
791 991 1 0.388882393442197
808 8 1 0.388882393442197
808 25 1 0.388882393442197
808 41 1 0.388882393442197
808 58 1 0.388882393442197
808 75 1 0.388882393442197
808 91 1 0.388882393442197
808 108 1 0.388882393442197
808 125 1 0.388882393442197
808 141 1 0.388882393442197
808 158 1 0.388882393442197
808 175 1 0.388882393442197
808 191 1 0.388882393442197
808 208 1 0.388882393442197
808 225 1 0.388882393442197
808 241 1 0.388882393442197
808 258 1 0.388882393442197
808 275 1 0.388882393442197
808 291 1 0.388882393442197
808 308 1 0.388882393442197
808 325 1 0.388882393442197
808 341 1 0.388882393442197
808 358 1 0.388882393442197
808 375 1 0.388882393442197
808 391 1 0.388882393442197
808 408 1 0.388882393442197
808 425 1 0.388882393442197
808 441 1 0.388882393442197
808 458 1 0.388882393442197
808 475 1 0.388882393442197
808 491 1 0.388882393442197
808 508 1 0.388882393442197
808 525 1 0.388882393442197
808 541 1 0.388882393442197
808 558 1 0.388882393442197
808 575 1 0.388882393442197
808 591 1 0.388882393442197
808 608 1 0.388882393442197
808 625 1 0.388882393442197
808 641 1 0.388882393442197
808 658 1 0.388882393442197
808 675 1 0.388882393442197
808 691 1 0.388882393442197
808 708 1 0.388882393442197
808 725 1 0.388882393442197
808 741 1 0.388882393442197
808 758 1 0.388882393442197
808 775 1 0.388882393442197
808 791 1 0.388882393442197
808 808 1 0.388882393442197
808 825 1 0.388882393442197
808 841 1 0.388882393442197
808 858 1 0.388882393442197
808 875 1 0.388882393442197
808 891 1 0.388882393442197
808 908 1 0.388882393442197
808 925 1 0.388882393442197
808 941 1 0.388882393442197
808 958 1 0.388882393442197
808 975 1 0.388882393442197
808 991 1 0.388882393442197
825 8 1 0.388882393442197
825 25 1 0.388882393442197
825 41 1 0.388882393442197
825 58 1 0.388882393442197
825 75 1 0.388882393442197
825 91 1 0.388882393442197
825 108 1 0.388882393442197
825 125 1 0.388882393442197
825 141 1 0.388882393442197
825 158 1 0.388882393442197
825 175 1 0.388882393442197
825 191 1 0.388882393442197
825 208 1 0.388882393442197
825 225 1 0.388882393442197
825 241 1 0.388882393442197
825 258 1 0.388882393442197
825 275 1 0.388882393442197
825 291 1 0.388882393442197
825 308 1 0.388882393442197
825 325 1 0.388882393442197
825 341 1 0.388882393442197
825 358 1 0.388882393442197
825 375 1 0.388882393442197
825 391 1 0.388882393442197
825 408 1 0.388882393442197
825 425 1 0.388882393442197
825 441 1 0.388882393442197
825 458 1 0.388882393442197
825 475 1 0.388882393442197
825 491 1 0.388882393442197
825 508 1 0.388882393442197
825 525 1 0.388882393442197
825 541 1 0.388882393442197
825 558 1 0.388882393442197
825 575 1 0.388882393442197
825 591 1 0.388882393442197
825 608 1 0.388882393442197
825 625 1 0.388882393442197
825 641 1 0.388882393442197
825 658 1 0.388882393442197
825 675 1 0.388882393442197
825 691 1 0.388882393442197
825 708 1 0.388882393442197
825 725 1 0.388882393442197
825 741 1 0.388882393442197
825 758 1 0.388882393442197
825 775 1 0.388882393442197
825 791 1 0.388882393442197
825 808 1 0.388882393442197
825 825 1 0.388882393442197
825 841 1 0.388882393442197
825 858 1 0.388882393442197
825 875 1 0.388882393442197
825 891 1 0.388882393442197
825 908 1 0.388882393442197
825 925 1 0.388882393442197
825 941 1 0.388882393442197
825 958 1 0.388882393442197
825 975 1 0.388882393442197
825 991 1 0.388882393442197
841 8 1 0.388882393442197
841 25 1 0.388882393442197
841 41 1 0.388882393442197
841 58 1 0.388882393442197
841 75 1 0.388882393442197
841 91 1 0.388882393442197
841 108 1 0.388882393442197
841 125 1 0.388882393442197
841 141 1 0.388882393442197
841 158 1 0.388882393442197
841 175 1 0.388882393442197
841 191 1 0.388882393442197
841 208 1 0.388882393442197
841 225 1 0.388882393442197
841 241 1 0.388882393442197
841 258 1 0.388882393442197
841 275 1 0.388882393442197
841 291 1 0.388882393442197
841 308 1 0.388882393442197
841 325 1 0.388882393442197
841 341 1 0.388882393442197
841 358 1 0.388882393442197
841 375 1 0.388882393442197
841 391 1 0.388882393442197
841 408 1 0.388882393442197
841 425 1 0.388882393442197
841 441 1 0.388882393442197
841 458 1 0.388882393442197
841 475 1 0.388882393442197
841 491 1 0.388882393442197
841 508 1 0.388882393442197
841 525 1 0.388882393442197
841 541 1 0.388882393442197
841 558 1 0.388882393442197
841 575 1 0.388882393442197
841 591 1 0.388882393442197
841 608 1 0.388882393442197
841 625 1 0.388882393442197
841 641 1 0.388882393442197
841 658 1 0.388882393442197
841 675 1 0.388882393442197
841 691 1 0.388882393442197
841 708 1 0.388882393442197
841 725 1 0.388882393442197
841 741 1 0.388882393442197
841 758 1 0.388882393442197
841 775 1 0.388882393442197
841 791 1 0.388882393442197
841 808 1 0.388882393442197
841 825 1 0.388882393442197
841 841 1 0.388882393442197
841 858 1 0.388882393442197
841 875 1 0.388882393442197
841 891 1 0.388882393442197
841 908 1 0.388882393442197
841 925 1 0.388882393442197
841 941 1 0.388882393442197
841 958 1 0.388882393442197
841 975 1 0.388882393442197
841 991 1 0.388882393442197
858 8 1 0.388882393442197
858 25 1 0.388882393442197
858 41 1 0.388882393442197
858 58 1 0.388882393442197
858 75 1 0.388882393442197
858 91 1 0.388882393442197
858 108 1 0.388882393442197
858 125 1 0.388882393442197
858 141 1 0.388882393442197
858 158 1 0.388882393442197
858 175 1 0.388882393442197
858 191 1 0.388882393442197
858 208 1 0.388882393442197
858 225 1 0.388882393442197
858 241 1 0.388882393442197
858 258 1 0.388882393442197
858 275 1 0.388882393442197
858 291 1 0.388882393442197
858 308 1 0.388882393442197
858 325 1 0.388882393442197
858 341 1 0.388882393442197
858 358 1 0.388882393442197
858 375 1 0.388882393442197
858 391 1 0.388882393442197
858 408 1 0.388882393442197
858 425 1 0.388882393442197
858 441 1 0.388882393442197
858 458 1 0.388882393442197
858 475 1 0.388882393442197
858 491 1 0.388882393442197
858 508 1 0.388882393442197
858 525 1 0.388882393442197
858 541 1 0.388882393442197
858 558 1 0.388882393442197
858 575 1 0.388882393442197
858 591 1 0.388882393442197
858 608 1 0.388882393442197
858 625 1 0.388882393442197
858 641 1 0.388882393442197
858 658 1 0.388882393442197
858 675 1 0.388882393442197
858 691 1 0.388882393442197
858 708 1 0.388882393442197
858 725 1 0.388882393442197
858 741 1 0.388882393442197
858 758 1 0.388882393442197
858 775 1 0.388882393442197
858 791 1 0.388882393442197
858 808 1 0.388882393442197
858 825 1 0.388882393442197
858 841 1 0.388882393442197
858 858 1 0.388882393442197
858 875 1 0.388882393442197
858 891 1 0.388882393442197
858 908 1 0.388882393442197
858 925 1 0.388882393442197
858 941 1 0.388882393442197
858 958 1 0.388882393442197
858 975 1 0.388882393442197
858 991 1 0.388882393442197
875 8 1 0.388882393442197
875 25 1 0.388882393442197
875 41 1 0.388882393442197
875 58 1 0.388882393442197
875 75 1 0.388882393442197
875 91 1 0.388882393442197
875 108 1 0.388882393442197
875 125 1 0.388882393442197
875 141 1 0.388882393442197
875 158 1 0.388882393442197
875 175 1 0.388882393442197
875 191 1 0.388882393442197
875 208 1 0.388882393442197
875 225 1 0.388882393442197
875 241 1 0.388882393442197
875 258 1 0.388882393442197
875 275 1 0.388882393442197
875 291 1 0.388882393442197
875 308 1 0.388882393442197
875 325 1 0.388882393442197
875 341 1 0.388882393442197
875 358 1 0.388882393442197
875 375 1 0.388882393442197
875 391 1 0.388882393442197
875 408 1 0.388882393442197
875 425 1 0.388882393442197
875 441 1 0.388882393442197
875 458 1 0.388882393442197
875 475 1 0.388882393442197
875 491 1 0.388882393442197
875 508 1 0.388882393442197
875 525 1 0.388882393442197
875 541 1 0.388882393442197
875 558 1 0.388882393442197
875 575 1 0.388882393442197
875 591 1 0.388882393442197
875 608 1 0.388882393442197
875 625 1 0.388882393442197
875 641 1 0.388882393442197
875 658 1 0.388882393442197
875 675 1 0.388882393442197
875 691 1 0.388882393442197
875 708 1 0.388882393442197
875 725 1 0.388882393442197
875 741 1 0.388882393442197
875 758 1 0.388882393442197
875 775 1 0.388882393442197
875 791 1 0.388882393442197
875 808 1 0.388882393442197
875 825 1 0.388882393442197
875 841 1 0.388882393442197
875 858 1 0.388882393442197
875 875 1 0.388882393442197
875 891 1 0.388882393442197
875 908 1 0.388882393442197
875 925 1 0.388882393442197
875 941 1 0.388882393442197
875 958 1 0.388882393442197
875 975 1 0.388882393442197
875 991 1 0.388882393442197
891 8 1 0.388882393442197
891 25 1 0.388882393442197
891 41 1 0.388882393442197
891 58 1 0.388882393442197
891 75 1 0.388882393442197
891 91 1 0.388882393442197
891 108 1 0.388882393442197
891 125 1 0.388882393442197
891 141 1 0.388882393442197
891 158 1 0.388882393442197
891 175 1 0.388882393442197
891 191 1 0.388882393442197
891 208 1 0.388882393442197
891 225 1 0.388882393442197
891 241 1 0.388882393442197
891 258 1 0.388882393442197
891 275 1 0.388882393442197
891 291 1 0.388882393442197
891 308 1 0.388882393442197
891 325 1 0.388882393442197
891 341 1 0.388882393442197
891 358 1 0.388882393442197
891 375 1 0.388882393442197
891 391 1 0.388882393442197
891 408 1 0.388882393442197
891 425 1 0.388882393442197
891 441 1 0.388882393442197
891 458 1 0.388882393442197
891 475 1 0.388882393442197
891 491 1 0.388882393442197
891 508 1 0.388882393442197
891 525 1 0.388882393442197
891 541 1 0.388882393442197
891 558 1 0.388882393442197
891 575 1 0.388882393442197
891 591 1 0.388882393442197
891 608 1 0.388882393442197
891 625 1 0.388882393442197
891 641 1 0.388882393442197
891 658 1 0.388882393442197
891 675 1 0.388882393442197
891 691 1 0.388882393442197
891 708 1 0.388882393442197
891 725 1 0.388882393442197
891 741 1 0.388882393442197
891 758 1 0.388882393442197
891 775 1 0.388882393442197
891 791 1 0.388882393442197
891 808 1 0.388882393442197
891 825 1 0.388882393442197
891 841 1 0.388882393442197
891 858 1 0.388882393442197
891 875 1 0.388882393442197
891 891 1 0.388882393442197
891 908 1 0.388882393442197
891 925 1 0.388882393442197
891 941 1 0.388882393442197
891 958 1 0.388882393442197
891 975 1 0.388882393442197
891 991 1 0.388882393442197
908 8 1 0.388882393442197
908 25 1 0.388882393442197
908 41 1 0.388882393442197
908 58 1 0.388882393442197
908 75 1 0.388882393442197
908 91 1 0.388882393442197
908 108 1 0.388882393442197
908 125 1 0.388882393442197
908 141 1 0.388882393442197
908 158 1 0.388882393442197
908 175 1 0.388882393442197
908 191 1 0.388882393442197
908 208 1 0.388882393442197
908 225 1 0.388882393442197
908 241 1 0.388882393442197
908 258 1 0.388882393442197
908 275 1 0.388882393442197
908 291 1 0.388882393442197
908 308 1 0.388882393442197
908 325 1 0.388882393442197
908 341 1 0.388882393442197
908 358 1 0.388882393442197
908 375 1 0.388882393442197
908 391 1 0.388882393442197
908 408 1 0.388882393442197
908 425 1 0.388882393442197
908 441 1 0.388882393442197
908 458 1 0.388882393442197
908 475 1 0.388882393442197
908 491 1 0.388882393442197
908 508 1 0.388882393442197
908 525 1 0.388882393442197
908 541 1 0.388882393442197
908 558 1 0.388882393442197
908 575 1 0.388882393442197
908 591 1 0.388882393442197
908 608 1 0.388882393442197
908 625 1 0.388882393442197
908 641 1 0.388882393442197
908 658 1 0.388882393442197
908 675 1 0.388882393442197
908 691 1 0.388882393442197
908 708 1 0.388882393442197
908 725 1 0.388882393442197
908 741 1 0.388882393442197
908 758 1 0.388882393442197
908 775 1 0.388882393442197
908 791 1 0.388882393442197
908 808 1 0.388882393442197
908 825 1 0.388882393442197
908 841 1 0.388882393442197
908 858 1 0.388882393442197
908 875 1 0.388882393442197
908 891 1 0.388882393442197
908 908 1 0.388882393442197
908 925 1 0.388882393442197
908 941 1 0.388882393442197
908 958 1 0.388882393442197
908 975 1 0.388882393442197
908 991 1 0.388882393442197
925 8 1 0.388882393442197
925 25 1 0.388882393442197
925 41 1 0.388882393442197
925 58 1 0.388882393442197
925 75 1 0.388882393442197
925 91 1 0.388882393442197
925 108 1 0.388882393442197
925 125 1 0.388882393442197
925 141 1 0.388882393442197
925 158 1 0.388882393442197
925 175 1 0.388882393442197
925 191 1 0.388882393442197
925 208 1 0.388882393442197
925 225 1 0.388882393442197
925 241 1 0.388882393442197
925 258 1 0.388882393442197
925 275 1 0.388882393442197
925 291 1 0.388882393442197
925 308 1 0.388882393442197
925 325 1 0.388882393442197
925 341 1 0.388882393442197
925 358 1 0.388882393442197
925 375 1 0.388882393442197
925 391 1 0.388882393442197
925 408 1 0.388882393442197
925 425 1 0.388882393442197
925 441 1 0.388882393442197
925 458 1 0.388882393442197
925 475 1 0.388882393442197
925 491 1 0.388882393442197
925 508 1 0.388882393442197
925 525 1 0.388882393442197
925 541 1 0.388882393442197
925 558 1 0.388882393442197
925 575 1 0.388882393442197
925 591 1 0.388882393442197
925 608 1 0.388882393442197
925 625 1 0.388882393442197
925 641 1 0.388882393442197
925 658 1 0.388882393442197
925 675 1 0.388882393442197
925 691 1 0.388882393442197
925 708 1 0.388882393442197
925 725 1 0.388882393442197
925 741 1 0.388882393442197
925 758 1 0.388882393442197
925 775 1 0.388882393442197
925 791 1 0.388882393442197
925 808 1 0.388882393442197
925 825 1 0.388882393442197
925 841 1 0.388882393442197
925 858 1 0.388882393442197
925 875 1 0.388882393442197
925 891 1 0.388882393442197
925 908 1 0.388882393442197
925 925 1 0.388882393442197
925 941 1 0.388882393442197
925 958 1 0.388882393442197
925 975 1 0.388882393442197
925 991 1 0.388882393442197
941 8 1 0.388882393442197
941 25 1 0.388882393442197
941 41 1 0.388882393442197
941 58 1 0.388882393442197
941 75 1 0.388882393442197
941 91 1 0.388882393442197
941 108 1 0.388882393442197
941 125 1 0.388882393442197
941 141 1 0.388882393442197
941 158 1 0.388882393442197
941 175 1 0.388882393442197
941 191 1 0.388882393442197
941 208 1 0.388882393442197
941 225 1 0.388882393442197
941 241 1 0.388882393442197
941 258 1 0.388882393442197
941 275 1 0.388882393442197
941 291 1 0.388882393442197
941 308 1 0.388882393442197
941 325 1 0.388882393442197
941 341 1 0.388882393442197
941 358 1 0.388882393442197
941 375 1 0.388882393442197
941 391 1 0.388882393442197
941 408 1 0.388882393442197
941 425 1 0.388882393442197
941 441 1 0.388882393442197
941 458 1 0.388882393442197
941 475 1 0.388882393442197
941 491 1 0.388882393442197
941 508 1 0.388882393442197
941 525 1 0.388882393442197
941 541 1 0.388882393442197
941 558 1 0.388882393442197
941 575 1 0.388882393442197
941 591 1 0.388882393442197
941 608 1 0.388882393442197
941 625 1 0.388882393442197
941 641 1 0.388882393442197
941 658 1 0.388882393442197
941 675 1 0.388882393442197
941 691 1 0.388882393442197
941 708 1 0.388882393442197
941 725 1 0.388882393442197
941 741 1 0.388882393442197
941 758 1 0.388882393442197
941 775 1 0.388882393442197
941 791 1 0.388882393442197
941 808 1 0.388882393442197
941 825 1 0.388882393442197
941 841 1 0.388882393442197
941 858 1 0.388882393442197
941 875 1 0.388882393442197
941 891 1 0.388882393442197
941 908 1 0.388882393442197
941 925 1 0.388882393442197
941 941 1 0.388882393442197
941 958 1 0.388882393442197
941 975 1 0.388882393442197
941 991 1 0.388882393442197
958 8 1 0.388882393442197
958 25 1 0.388882393442197
958 41 1 0.388882393442197
958 58 1 0.388882393442197
958 75 1 0.388882393442197
958 91 1 0.388882393442197
958 108 1 0.388882393442197
958 125 1 0.388882393442197
958 141 1 0.388882393442197
958 158 1 0.388882393442197
958 175 1 0.388882393442197
958 191 1 0.388882393442197
958 208 1 0.388882393442197
958 225 1 0.388882393442197
958 241 1 0.388882393442197
958 258 1 0.388882393442197
958 275 1 0.388882393442197
958 291 1 0.388882393442197
958 308 1 0.388882393442197
958 325 1 0.388882393442197
958 341 1 0.388882393442197
958 358 1 0.388882393442197
958 375 1 0.388882393442197
958 391 1 0.388882393442197
958 408 1 0.388882393442197
958 425 1 0.388882393442197
958 441 1 0.388882393442197
958 458 1 0.388882393442197
958 475 1 0.388882393442197
958 491 1 0.388882393442197
958 508 1 0.388882393442197
958 525 1 0.388882393442197
958 541 1 0.388882393442197
958 558 1 0.388882393442197
958 575 1 0.388882393442197
958 591 1 0.388882393442197
958 608 1 0.388882393442197
958 625 1 0.388882393442197
958 641 1 0.388882393442197
958 658 1 0.388882393442197
958 675 1 0.388882393442197
958 691 1 0.388882393442197
958 708 1 0.388882393442197
958 725 1 0.388882393442197
958 741 1 0.388882393442197
958 758 1 0.388882393442197
958 775 1 0.388882393442197
958 791 1 0.388882393442197
958 808 1 0.388882393442197
958 825 1 0.388882393442197
958 841 1 0.388882393442197
958 858 1 0.388882393442197
958 875 1 0.388882393442197
958 891 1 0.388882393442197
958 908 1 0.388882393442197
958 925 1 0.388882393442197
958 941 1 0.388882393442197
958 958 1 0.388882393442197
958 975 1 0.388882393442197
958 991 1 0.388882393442197
975 8 1 0.388882393442197
975 25 1 0.388882393442197
975 41 1 0.388882393442197
975 58 1 0.388882393442197
975 75 1 0.388882393442197
975 91 1 0.388882393442197
975 108 1 0.388882393442197
975 125 1 0.388882393442197
975 141 1 0.388882393442197
975 158 1 0.388882393442197
975 175 1 0.388882393442197
975 191 1 0.388882393442197
975 208 1 0.388882393442197
975 225 1 0.388882393442197
975 241 1 0.388882393442197
975 258 1 0.388882393442197
975 275 1 0.388882393442197
975 291 1 0.388882393442197
975 308 1 0.388882393442197
975 325 1 0.388882393442197
975 341 1 0.388882393442197
975 358 1 0.388882393442197
975 375 1 0.388882393442197
975 391 1 0.388882393442197
975 408 1 0.388882393442197
975 425 1 0.388882393442197
975 441 1 0.388882393442197
975 458 1 0.388882393442197
975 475 1 0.388882393442197
975 491 1 0.388882393442197
975 508 1 0.388882393442197
975 525 1 0.388882393442197
975 541 1 0.388882393442197
975 558 1 0.388882393442197
975 575 1 0.388882393442197
975 591 1 0.388882393442197
975 608 1 0.388882393442197
975 625 1 0.388882393442197
975 641 1 0.388882393442197
975 658 1 0.388882393442197
975 675 1 0.388882393442197
975 691 1 0.388882393442197
975 708 1 0.388882393442197
975 725 1 0.388882393442197
975 741 1 0.388882393442197
975 758 1 0.388882393442197
975 775 1 0.388882393442197
975 791 1 0.388882393442197
975 808 1 0.388882393442197
975 825 1 0.388882393442197
975 841 1 0.388882393442197
975 858 1 0.388882393442197
975 875 1 0.388882393442197
975 891 1 0.388882393442197
975 908 1 0.388882393442197
975 925 1 0.388882393442197
975 941 1 0.388882393442197
975 958 1 0.388882393442197
975 975 1 0.388882393442197
975 991 1 0.388882393442197
991 8 1 0.388882393442197
991 25 1 0.388882393442197
991 41 1 0.388882393442197
991 58 1 0.388882393442197
991 75 1 0.388882393442197
991 91 1 0.388882393442197
991 108 1 0.388882393442197
991 125 1 0.388882393442197
991 141 1 0.388882393442197
991 158 1 0.388882393442197
991 175 1 0.388882393442197
991 191 1 0.388882393442197
991 208 1 0.388882393442197
991 225 1 0.388882393442197
991 241 1 0.388882393442197
991 258 1 0.388882393442197
991 275 1 0.388882393442197
991 291 1 0.388882393442197
991 308 1 0.388882393442197
991 325 1 0.388882393442197
991 341 1 0.388882393442197
991 358 1 0.388882393442197
991 375 1 0.388882393442197
991 391 1 0.388882393442197
991 408 1 0.388882393442197
991 425 1 0.388882393442197
991 441 1 0.388882393442197
991 458 1 0.388882393442197
991 475 1 0.388882393442197
991 491 1 0.388882393442197
991 508 1 0.388882393442197
991 525 1 0.388882393442197
991 541 1 0.388882393442197
991 558 1 0.388882393442197
991 575 1 0.388882393442197
991 591 1 0.388882393442197
991 608 1 0.388882393442197
991 625 1 0.388882393442197
991 641 1 0.388882393442197
991 658 1 0.388882393442197
991 675 1 0.388882393442197
991 691 1 0.388882393442197
991 708 1 0.388882393442197
991 725 1 0.388882393442197
991 741 1 0.388882393442197
991 758 1 0.388882393442197
991 775 1 0.388882393442197
991 791 1 0.388882393442197
991 808 1 0.388882393442197
991 825 1 0.388882393442197
991 841 1 0.388882393442197
991 858 1 0.388882393442197
991 875 1 0.388882393442197
991 891 1 0.388882393442197
991 908 1 0.388882393442197
991 925 1 0.388882393442197
991 941 1 0.388882393442197
991 958 1 0.388882393442197
991 975 1 0.388882393442197
991 991 1 0.388882393442197
