10 10 1 0.388882393442197
10 30 1 0.388882393442197
10 50 1 0.388882393442197
10 70 1 0.388882393442197
10 90 1 0.388882393442197
10 110 1 0.388882393442197
10 130 1 0.388882393442197
10 150 1 0.388882393442197
10 170 1 0.388882393442197
10 190 1 0.388882393442197
10 210 1 0.388882393442197
10 230 1 0.388882393442197
10 250 1 0.388882393442197
10 270 1 0.388882393442197
10 290 1 0.388882393442197
10 310 1 0.388882393442197
10 330 1 0.388882393442197
10 350 1 0.388882393442197
10 370 1 0.388882393442197
10 390 1 0.388882393442197
10 410 1 0.388882393442197
10 430 1 0.388882393442197
10 450 1 0.388882393442197
10 470 1 0.388882393442197
10 490 1 0.388882393442197
10 510 1 0.388882393442197
10 530 1 0.388882393442197
10 550 1 0.388882393442197
10 570 1 0.388882393442197
10 590 1 0.388882393442197
10 610 1 0.388882393442197
10 630 1 0.388882393442197
10 650 1 0.388882393442197
10 670 1 0.388882393442197
10 690 1 0.388882393442197
10 710 1 0.388882393442197
10 730 1 0.388882393442197
10 750 1 0.388882393442197
10 770 1 0.388882393442197
10 790 1 0.388882393442197
10 810 1 0.388882393442197
10 830 1 0.388882393442197
10 850 1 0.388882393442197
10 870 1 0.388882393442197
10 890 1 0.388882393442197
10 910 1 0.388882393442197
10 930 1 0.388882393442197
10 950 1 0.388882393442197
10 970 1 0.388882393442197
10 990 1 0.388882393442197
30 10 1 0.388882393442197
30 30 1 0.388882393442197
30 50 1 0.388882393442197
30 70 1 0.388882393442197
30 90 1 0.388882393442197
30 110 1 0.388882393442197
30 130 1 0.388882393442197
30 150 1 0.388882393442197
30 170 1 0.388882393442197
30 190 1 0.388882393442197
30 210 1 0.388882393442197
30 230 1 0.388882393442197
30 250 1 0.388882393442197
30 270 1 0.388882393442197
30 290 1 0.388882393442197
30 310 1 0.388882393442197
30 330 1 0.388882393442197
30 350 1 0.388882393442197
30 370 1 0.388882393442197
30 390 1 0.388882393442197
30 410 1 0.388882393442197
30 430 1 0.388882393442197
30 450 1 0.388882393442197
30 470 1 0.388882393442197
30 490 1 0.388882393442197
30 510 1 0.388882393442197
30 530 1 0.388882393442197
30 550 1 0.388882393442197
30 570 1 0.388882393442197
30 590 1 0.388882393442197
30 610 1 0.388882393442197
30 630 1 0.388882393442197
30 650 1 0.388882393442197
30 670 1 0.388882393442197
30 690 1 0.388882393442197
30 710 1 0.388882393442197
30 730 1 0.388882393442197
30 750 1 0.388882393442197
30 770 1 0.388882393442197
30 790 1 0.388882393442197
30 810 1 0.388882393442197
30 830 1 0.388882393442197
30 850 1 0.388882393442197
30 870 1 0.388882393442197
30 890 1 0.388882393442197
30 910 1 0.388882393442197
30 930 1 0.388882393442197
30 950 1 0.388882393442197
30 970 1 0.388882393442197
30 990 1 0.388882393442197
50 10 1 0.388882393442197
50 30 1 0.388882393442197
50 50 1 0.388882393442197
50 70 1 0.388882393442197
50 90 1 0.388882393442197
50 110 1 0.388882393442197
50 130 1 0.388882393442197
50 150 1 0.388882393442197
50 170 1 0.388882393442197
50 190 1 0.388882393442197
50 210 1 0.388882393442197
50 230 1 0.388882393442197
50 250 1 0.388882393442197
50 270 1 0.388882393442197
50 290 1 0.388882393442197
50 310 1 0.388882393442197
50 330 1 0.388882393442197
50 350 1 0.388882393442197
50 370 1 0.388882393442197
50 390 1 0.388882393442197
50 410 1 0.388882393442197
50 430 1 0.388882393442197
50 450 1 0.388882393442197
50 470 1 0.388882393442197
50 490 1 0.388882393442197
50 510 1 0.388882393442197
50 530 1 0.388882393442197
50 550 1 0.388882393442197
50 570 1 0.388882393442197
50 590 1 0.388882393442197
50 610 1 0.388882393442197
50 630 1 0.388882393442197
50 650 1 0.388882393442197
50 670 1 0.388882393442197
50 690 1 0.388882393442197
50 710 1 0.388882393442197
50 730 1 0.388882393442197
50 750 1 0.388882393442197
50 770 1 0.388882393442197
50 790 1 0.388882393442197
50 810 1 0.388882393442197
50 830 1 0.388882393442197
50 850 1 0.388882393442197
50 870 1 0.388882393442197
50 890 1 0.388882393442197
50 910 1 0.388882393442197
50 930 1 0.388882393442197
50 950 1 0.388882393442197
50 970 1 0.388882393442197
50 990 1 0.388882393442197
70 10 1 0.388882393442197
70 30 1 0.388882393442197
70 50 1 0.388882393442197
70 70 1 0.388882393442197
70 90 1 0.388882393442197
70 110 1 0.388882393442197
70 130 1 0.388882393442197
70 150 1 0.388882393442197
70 170 1 0.388882393442197
70 190 1 0.388882393442197
70 210 1 0.388882393442197
70 230 1 0.388882393442197
70 250 1 0.388882393442197
70 270 1 0.388882393442197
70 290 1 0.388882393442197
70 310 1 0.388882393442197
70 330 1 0.388882393442197
70 350 1 0.388882393442197
70 370 1 0.388882393442197
70 390 1 0.388882393442197
70 410 1 0.388882393442197
70 430 1 0.388882393442197
70 450 1 0.388882393442197
70 470 1 0.388882393442197
70 490 1 0.388882393442197
70 510 1 0.388882393442197
70 530 1 0.388882393442197
70 550 1 0.388882393442197
70 570 1 0.388882393442197
70 590 1 0.388882393442197
70 610 1 0.388882393442197
70 630 1 0.388882393442197
70 650 1 0.388882393442197
70 670 1 0.388882393442197
70 690 1 0.388882393442197
70 710 1 0.388882393442197
70 730 1 0.388882393442197
70 750 1 0.388882393442197
70 770 1 0.388882393442197
70 790 1 0.388882393442197
70 810 1 0.388882393442197
70 830 1 0.388882393442197
70 850 1 0.388882393442197
70 870 1 0.388882393442197
70 890 1 0.388882393442197
70 910 1 0.388882393442197
70 930 1 0.388882393442197
70 950 1 0.388882393442197
70 970 1 0.388882393442197
70 990 1 0.388882393442197
90 10 1 0.388882393442197
90 30 1 0.388882393442197
90 50 1 0.388882393442197
90 70 1 0.388882393442197
90 90 1 0.388882393442197
90 110 1 0.388882393442197
90 130 1 0.388882393442197
90 150 1 0.388882393442197
90 170 1 0.388882393442197
90 190 1 0.388882393442197
90 210 1 0.388882393442197
90 230 1 0.388882393442197
90 250 1 0.388882393442197
90 270 1 0.388882393442197
90 290 1 0.388882393442197
90 310 1 0.388882393442197
90 330 1 0.388882393442197
90 350 1 0.388882393442197
90 370 1 0.388882393442197
90 390 1 0.388882393442197
90 410 1 0.388882393442197
90 430 1 0.388882393442197
90 450 1 0.388882393442197
90 470 1 0.388882393442197
90 490 1 0.388882393442197
90 510 1 0.388882393442197
90 530 1 0.388882393442197
90 550 1 0.388882393442197
90 570 1 0.388882393442197
90 590 1 0.388882393442197
90 610 1 0.388882393442197
90 630 1 0.388882393442197
90 650 1 0.388882393442197
90 670 1 0.388882393442197
90 690 1 0.388882393442197
90 710 1 0.388882393442197
90 730 1 0.388882393442197
90 750 1 0.388882393442197
90 770 1 0.388882393442197
90 790 1 0.388882393442197
90 810 1 0.388882393442197
90 830 1 0.388882393442197
90 850 1 0.388882393442197
90 870 1 0.388882393442197
90 890 1 0.388882393442197
90 910 1 0.388882393442197
90 930 1 0.388882393442197
90 950 1 0.388882393442197
90 970 1 0.388882393442197
90 990 1 0.388882393442197
110 10 1 0.388882393442197
110 30 1 0.388882393442197
110 50 1 0.388882393442197
110 70 1 0.388882393442197
110 90 1 0.388882393442197
110 110 1 0.388882393442197
110 130 1 0.388882393442197
110 150 1 0.388882393442197
110 170 1 0.388882393442197
110 190 1 0.388882393442197
110 210 1 0.388882393442197
110 230 1 0.388882393442197
110 250 1 0.388882393442197
110 270 1 0.388882393442197
110 290 1 0.388882393442197
110 310 1 0.388882393442197
110 330 1 0.388882393442197
110 350 1 0.388882393442197
110 370 1 0.388882393442197
110 390 1 0.388882393442197
110 410 1 0.388882393442197
110 430 1 0.388882393442197
110 450 1 0.388882393442197
110 470 1 0.388882393442197
110 490 1 0.388882393442197
110 510 1 0.388882393442197
110 530 1 0.388882393442197
110 550 1 0.388882393442197
110 570 1 0.388882393442197
110 590 1 0.388882393442197
110 610 1 0.388882393442197
110 630 1 0.388882393442197
110 650 1 0.388882393442197
110 670 1 0.388882393442197
110 690 1 0.388882393442197
110 710 1 0.388882393442197
110 730 1 0.388882393442197
110 750 1 0.388882393442197
110 770 1 0.388882393442197
110 790 1 0.388882393442197
110 810 1 0.388882393442197
110 830 1 0.388882393442197
110 850 1 0.388882393442197
110 870 1 0.388882393442197
110 890 1 0.388882393442197
110 910 1 0.388882393442197
110 930 1 0.388882393442197
110 950 1 0.388882393442197
110 970 1 0.388882393442197
110 990 1 0.388882393442197
130 10 1 0.388882393442197
130 30 1 0.388882393442197
130 50 1 0.388882393442197
130 70 1 0.388882393442197
130 90 1 0.388882393442197
130 110 1 0.388882393442197
130 130 1 0.388882393442197
130 150 1 0.388882393442197
130 170 1 0.388882393442197
130 190 1 0.388882393442197
130 210 1 0.388882393442197
130 230 1 0.388882393442197
130 250 1 0.388882393442197
130 270 1 0.388882393442197
130 290 1 0.388882393442197
130 310 1 0.388882393442197
130 330 1 0.388882393442197
130 350 1 0.388882393442197
130 370 1 0.388882393442197
130 390 1 0.388882393442197
130 410 1 0.388882393442197
130 430 1 0.388882393442197
130 450 1 0.388882393442197
130 470 1 0.388882393442197
130 490 1 0.388882393442197
130 510 1 0.388882393442197
130 530 1 0.388882393442197
130 550 1 0.388882393442197
130 570 1 0.388882393442197
130 590 1 0.388882393442197
130 610 1 0.388882393442197
130 630 1 0.388882393442197
130 650 1 0.388882393442197
130 670 1 0.388882393442197
130 690 1 0.388882393442197
130 710 1 0.388882393442197
130 730 1 0.388882393442197
130 750 1 0.388882393442197
130 770 1 0.388882393442197
130 790 1 0.388882393442197
130 810 1 0.388882393442197
130 830 1 0.388882393442197
130 850 1 0.388882393442197
130 870 1 0.388882393442197
130 890 1 0.388882393442197
130 910 1 0.388882393442197
130 930 1 0.388882393442197
130 950 1 0.388882393442197
130 970 1 0.388882393442197
130 990 1 0.388882393442197
150 10 1 0.388882393442197
150 30 1 0.388882393442197
150 50 1 0.388882393442197
150 70 1 0.388882393442197
150 90 1 0.388882393442197
150 110 1 0.388882393442197
150 130 1 0.388882393442197
150 150 1 0.388882393442197
150 170 1 0.388882393442197
150 190 1 0.388882393442197
150 210 1 0.388882393442197
150 230 1 0.388882393442197
150 250 1 0.388882393442197
150 270 1 0.388882393442197
150 290 1 0.388882393442197
150 310 1 0.388882393442197
150 330 1 0.388882393442197
150 350 1 0.388882393442197
150 370 1 0.388882393442197
150 390 1 0.388882393442197
150 410 1 0.388882393442197
150 430 1 0.388882393442197
150 450 1 0.388882393442197
150 470 1 0.388882393442197
150 490 1 0.388882393442197
150 510 1 0.388882393442197
150 530 1 0.388882393442197
150 550 1 0.388882393442197
150 570 1 0.388882393442197
150 590 1 0.388882393442197
150 610 1 0.388882393442197
150 630 1 0.388882393442197
150 650 1 0.388882393442197
150 670 1 0.388882393442197
150 690 1 0.388882393442197
150 710 1 0.388882393442197
150 730 1 0.388882393442197
150 750 1 0.388882393442197
150 770 1 0.388882393442197
150 790 1 0.388882393442197
150 810 1 0.388882393442197
150 830 1 0.388882393442197
150 850 1 0.388882393442197
150 870 1 0.388882393442197
150 890 1 0.388882393442197
150 910 1 0.388882393442197
150 930 1 0.388882393442197
150 950 1 0.388882393442197
150 970 1 0.388882393442197
150 990 1 0.388882393442197
170 10 1 0.388882393442197
170 30 1 0.388882393442197
170 50 1 0.388882393442197
170 70 1 0.388882393442197
170 90 1 0.388882393442197
170 110 1 0.388882393442197
170 130 1 0.388882393442197
170 150 1 0.388882393442197
170 170 1 0.388882393442197
170 190 1 0.388882393442197
170 210 1 0.388882393442197
170 230 1 0.388882393442197
170 250 1 0.388882393442197
170 270 1 0.388882393442197
170 290 1 0.388882393442197
170 310 1 0.388882393442197
170 330 1 0.388882393442197
170 350 1 0.388882393442197
170 370 1 0.388882393442197
170 390 1 0.388882393442197
170 410 1 0.388882393442197
170 430 1 0.388882393442197
170 450 1 0.388882393442197
170 470 1 0.388882393442197
170 490 1 0.388882393442197
170 510 1 0.388882393442197
170 530 1 0.388882393442197
170 550 1 0.388882393442197
170 570 1 0.388882393442197
170 590 1 0.388882393442197
170 610 1 0.388882393442197
170 630 1 0.388882393442197
170 650 1 0.388882393442197
170 670 1 0.388882393442197
170 690 1 0.388882393442197
170 710 1 0.388882393442197
170 730 1 0.388882393442197
170 750 1 0.388882393442197
170 770 1 0.388882393442197
170 790 1 0.388882393442197
170 810 1 0.388882393442197
170 830 1 0.388882393442197
170 850 1 0.388882393442197
170 870 1 0.388882393442197
170 890 1 0.388882393442197
170 910 1 0.388882393442197
170 930 1 0.388882393442197
170 950 1 0.388882393442197
170 970 1 0.388882393442197
170 990 1 0.388882393442197
190 10 1 0.388882393442197
190 30 1 0.388882393442197
190 50 1 0.388882393442197
190 70 1 0.388882393442197
190 90 1 0.388882393442197
190 110 1 0.388882393442197
190 130 1 0.388882393442197
190 150 1 0.388882393442197
190 170 1 0.388882393442197
190 190 1 0.388882393442197
190 210 1 0.388882393442197
190 230 1 0.388882393442197
190 250 1 0.388882393442197
190 270 1 0.388882393442197
190 290 1 0.388882393442197
190 310 1 0.388882393442197
190 330 1 0.388882393442197
190 350 1 0.388882393442197
190 370 1 0.388882393442197
190 390 1 0.388882393442197
190 410 1 0.388882393442197
190 430 1 0.388882393442197
190 450 1 0.388882393442197
190 470 1 0.388882393442197
190 490 1 0.388882393442197
190 510 1 0.388882393442197
190 530 1 0.388882393442197
190 550 1 0.388882393442197
190 570 1 0.388882393442197
190 590 1 0.388882393442197
190 610 1 0.388882393442197
190 630 1 0.388882393442197
190 650 1 0.388882393442197
190 670 1 0.388882393442197
190 690 1 0.388882393442197
190 710 1 0.388882393442197
190 730 1 0.388882393442197
190 750 1 0.388882393442197
190 770 1 0.388882393442197
190 790 1 0.388882393442197
190 810 1 0.388882393442197
190 830 1 0.388882393442197
190 850 1 0.388882393442197
190 870 1 0.388882393442197
190 890 1 0.388882393442197
190 910 1 0.388882393442197
190 930 1 0.388882393442197
190 950 1 0.388882393442197
190 970 1 0.388882393442197
190 990 1 0.388882393442197
210 10 1 0.388882393442197
210 30 1 0.388882393442197
210 50 1 0.388882393442197
210 70 1 0.388882393442197
210 90 1 0.388882393442197
210 110 1 0.388882393442197
210 130 1 0.388882393442197
210 150 1 0.388882393442197
210 170 1 0.388882393442197
210 190 1 0.388882393442197
210 210 1 0.388882393442197
210 230 1 0.388882393442197
210 250 1 0.388882393442197
210 270 1 0.388882393442197
210 290 1 0.388882393442197
210 310 1 0.388882393442197
210 330 1 0.388882393442197
210 350 1 0.388882393442197
210 370 1 0.388882393442197
210 390 1 0.388882393442197
210 410 1 0.388882393442197
210 430 1 0.388882393442197
210 450 1 0.388882393442197
210 470 1 0.388882393442197
210 490 1 0.388882393442197
210 510 1 0.388882393442197
210 530 1 0.388882393442197
210 550 1 0.388882393442197
210 570 1 0.388882393442197
210 590 1 0.388882393442197
210 610 1 0.388882393442197
210 630 1 0.388882393442197
210 650 1 0.388882393442197
210 670 1 0.388882393442197
210 690 1 0.388882393442197
210 710 1 0.388882393442197
210 730 1 0.388882393442197
210 750 1 0.388882393442197
210 770 1 0.388882393442197
210 790 1 0.388882393442197
210 810 1 0.388882393442197
210 830 1 0.388882393442197
210 850 1 0.388882393442197
210 870 1 0.388882393442197
210 890 1 0.388882393442197
210 910 1 0.388882393442197
210 930 1 0.388882393442197
210 950 1 0.388882393442197
210 970 1 0.388882393442197
210 990 1 0.388882393442197
230 10 1 0.388882393442197
230 30 1 0.388882393442197
230 50 1 0.388882393442197
230 70 1 0.388882393442197
230 90 1 0.388882393442197
230 110 1 0.388882393442197
230 130 1 0.388882393442197
230 150 1 0.388882393442197
230 170 1 0.388882393442197
230 190 1 0.388882393442197
230 210 1 0.388882393442197
230 230 1 0.388882393442197
230 250 1 0.388882393442197
230 270 1 0.388882393442197
230 290 1 0.388882393442197
230 310 1 0.388882393442197
230 330 1 0.388882393442197
230 350 1 0.388882393442197
230 370 1 0.388882393442197
230 390 1 0.388882393442197
230 410 1 0.388882393442197
230 430 1 0.388882393442197
230 450 1 0.388882393442197
230 470 1 0.388882393442197
230 490 1 0.388882393442197
230 510 1 0.388882393442197
230 530 1 0.388882393442197
230 550 1 0.388882393442197
230 570 1 0.388882393442197
230 590 1 0.388882393442197
230 610 1 0.388882393442197
230 630 1 0.388882393442197
230 650 1 0.388882393442197
230 670 1 0.388882393442197
230 690 1 0.388882393442197
230 710 1 0.388882393442197
230 730 1 0.388882393442197
230 750 1 0.388882393442197
230 770 1 0.388882393442197
230 790 1 0.388882393442197
230 810 1 0.388882393442197
230 830 1 0.388882393442197
230 850 1 0.388882393442197
230 870 1 0.388882393442197
230 890 1 0.388882393442197
230 910 1 0.388882393442197
230 930 1 0.388882393442197
230 950 1 0.388882393442197
230 970 1 0.388882393442197
230 990 1 0.388882393442197
250 10 1 0.388882393442197
250 30 1 0.388882393442197
250 50 1 0.388882393442197
250 70 1 0.388882393442197
250 90 1 0.388882393442197
250 110 1 0.388882393442197
250 130 1 0.388882393442197
250 150 1 0.388882393442197
250 170 1 0.388882393442197
250 190 1 0.388882393442197
250 210 1 0.388882393442197
250 230 1 0.388882393442197
250 250 1 0.388882393442197
250 270 1 0.388882393442197
250 290 1 0.388882393442197
250 310 1 0.388882393442197
250 330 1 0.388882393442197
250 350 1 0.388882393442197
250 370 1 0.388882393442197
250 390 1 0.388882393442197
250 410 1 0.388882393442197
250 430 1 0.388882393442197
250 450 1 0.388882393442197
250 470 1 0.388882393442197
250 490 1 0.388882393442197
250 510 1 0.388882393442197
250 530 1 0.388882393442197
250 550 1 0.388882393442197
250 570 1 0.388882393442197
250 590 1 0.388882393442197
250 610 1 0.388882393442197
250 630 1 0.388882393442197
250 650 1 0.388882393442197
250 670 1 0.388882393442197
250 690 1 0.388882393442197
250 710 1 0.388882393442197
250 730 1 0.388882393442197
250 750 1 0.388882393442197
250 770 1 0.388882393442197
250 790 1 0.388882393442197
250 810 1 0.388882393442197
250 830 1 0.388882393442197
250 850 1 0.388882393442197
250 870 1 0.388882393442197
250 890 1 0.388882393442197
250 910 1 0.388882393442197
250 930 1 0.388882393442197
250 950 1 0.388882393442197
250 970 1 0.388882393442197
250 990 1 0.388882393442197
270 10 1 0.388882393442197
270 30 1 0.388882393442197
270 50 1 0.388882393442197
270 70 1 0.388882393442197
270 90 1 0.388882393442197
270 110 1 0.388882393442197
270 130 1 0.388882393442197
270 150 1 0.388882393442197
270 170 1 0.388882393442197
270 190 1 0.388882393442197
270 210 1 0.388882393442197
270 230 1 0.388882393442197
270 250 1 0.388882393442197
270 270 1 0.388882393442197
270 290 1 0.388882393442197
270 310 1 0.388882393442197
270 330 1 0.388882393442197
270 350 1 0.388882393442197
270 370 1 0.388882393442197
270 390 1 0.388882393442197
270 410 1 0.388882393442197
270 430 1 0.388882393442197
270 450 1 0.388882393442197
270 470 1 0.388882393442197
270 490 1 0.388882393442197
270 510 1 0.388882393442197
270 530 1 0.388882393442197
270 550 1 0.388882393442197
270 570 1 0.388882393442197
270 590 1 0.388882393442197
270 610 1 0.388882393442197
270 630 1 0.388882393442197
270 650 1 0.388882393442197
270 670 1 0.388882393442197
270 690 1 0.388882393442197
270 710 1 0.388882393442197
270 730 1 0.388882393442197
270 750 1 0.388882393442197
270 770 1 0.388882393442197
270 790 1 0.388882393442197
270 810 1 0.388882393442197
270 830 1 0.388882393442197
270 850 1 0.388882393442197
270 870 1 0.388882393442197
270 890 1 0.388882393442197
270 910 1 0.388882393442197
270 930 1 0.388882393442197
270 950 1 0.388882393442197
270 970 1 0.388882393442197
270 990 1 0.388882393442197
290 10 1 0.388882393442197
290 30 1 0.388882393442197
290 50 1 0.388882393442197
290 70 1 0.388882393442197
290 90 1 0.388882393442197
290 110 1 0.388882393442197
290 130 1 0.388882393442197
290 150 1 0.388882393442197
290 170 1 0.388882393442197
290 190 1 0.388882393442197
290 210 1 0.388882393442197
290 230 1 0.388882393442197
290 250 1 0.388882393442197
290 270 1 0.388882393442197
290 290 1 0.388882393442197
290 310 1 0.388882393442197
290 330 1 0.388882393442197
290 350 1 0.388882393442197
290 370 1 0.388882393442197
290 390 1 0.388882393442197
290 410 1 0.388882393442197
290 430 1 0.388882393442197
290 450 1 0.388882393442197
290 470 1 0.388882393442197
290 490 1 0.388882393442197
290 510 1 0.388882393442197
290 530 1 0.388882393442197
290 550 1 0.388882393442197
290 570 1 0.388882393442197
290 590 1 0.388882393442197
290 610 1 0.388882393442197
290 630 1 0.388882393442197
290 650 1 0.388882393442197
290 670 1 0.388882393442197
290 690 1 0.388882393442197
290 710 1 0.388882393442197
290 730 1 0.388882393442197
290 750 1 0.388882393442197
290 770 1 0.388882393442197
290 790 1 0.388882393442197
290 810 1 0.388882393442197
290 830 1 0.388882393442197
290 850 1 0.388882393442197
290 870 1 0.388882393442197
290 890 1 0.388882393442197
290 910 1 0.388882393442197
290 930 1 0.388882393442197
290 950 1 0.388882393442197
290 970 1 0.388882393442197
290 990 1 0.388882393442197
310 10 1 0.388882393442197
310 30 1 0.388882393442197
310 50 1 0.388882393442197
310 70 1 0.388882393442197
310 90 1 0.388882393442197
310 110 1 0.388882393442197
310 130 1 0.388882393442197
310 150 1 0.388882393442197
310 170 1 0.388882393442197
310 190 1 0.388882393442197
310 210 1 0.388882393442197
310 230 1 0.388882393442197
310 250 1 0.388882393442197
310 270 1 0.388882393442197
310 290 1 0.388882393442197
310 310 1 0.388882393442197
310 330 1 0.388882393442197
310 350 1 0.388882393442197
310 370 1 0.388882393442197
310 390 1 0.388882393442197
310 410 1 0.388882393442197
310 430 1 0.388882393442197
310 450 1 0.388882393442197
310 470 1 0.388882393442197
310 490 1 0.388882393442197
310 510 1 0.388882393442197
310 530 1 0.388882393442197
310 550 1 0.388882393442197
310 570 1 0.388882393442197
310 590 1 0.388882393442197
310 610 1 0.388882393442197
310 630 1 0.388882393442197
310 650 1 0.388882393442197
310 670 1 0.388882393442197
310 690 1 0.388882393442197
310 710 1 0.388882393442197
310 730 1 0.388882393442197
310 750 1 0.388882393442197
310 770 1 0.388882393442197
310 790 1 0.388882393442197
310 810 1 0.388882393442197
310 830 1 0.388882393442197
310 850 1 0.388882393442197
310 870 1 0.388882393442197
310 890 1 0.388882393442197
310 910 1 0.388882393442197
310 930 1 0.388882393442197
310 950 1 0.388882393442197
310 970 1 0.388882393442197
310 990 1 0.388882393442197
330 10 1 0.388882393442197
330 30 1 0.388882393442197
330 50 1 0.388882393442197
330 70 1 0.388882393442197
330 90 1 0.388882393442197
330 110 1 0.388882393442197
330 130 1 0.388882393442197
330 150 1 0.388882393442197
330 170 1 0.388882393442197
330 190 1 0.388882393442197
330 210 1 0.388882393442197
330 230 1 0.388882393442197
330 250 1 0.388882393442197
330 270 1 0.388882393442197
330 290 1 0.388882393442197
330 310 1 0.388882393442197
330 330 1 0.388882393442197
330 350 1 0.388882393442197
330 370 1 0.388882393442197
330 390 1 0.388882393442197
330 410 1 0.388882393442197
330 430 1 0.388882393442197
330 450 1 0.388882393442197
330 470 1 0.388882393442197
330 490 1 0.388882393442197
330 510 1 0.388882393442197
330 530 1 0.388882393442197
330 550 1 0.388882393442197
330 570 1 0.388882393442197
330 590 1 0.388882393442197
330 610 1 0.388882393442197
330 630 1 0.388882393442197
330 650 1 0.388882393442197
330 670 1 0.388882393442197
330 690 1 0.388882393442197
330 710 1 0.388882393442197
330 730 1 0.388882393442197
330 750 1 0.388882393442197
330 770 1 0.388882393442197
330 790 1 0.388882393442197
330 810 1 0.388882393442197
330 830 1 0.388882393442197
330 850 1 0.388882393442197
330 870 1 0.388882393442197
330 890 1 0.388882393442197
330 910 1 0.388882393442197
330 930 1 0.388882393442197
330 950 1 0.388882393442197
330 970 1 0.388882393442197
330 990 1 0.388882393442197
350 10 1 0.388882393442197
350 30 1 0.388882393442197
350 50 1 0.388882393442197
350 70 1 0.388882393442197
350 90 1 0.388882393442197
350 110 1 0.388882393442197
350 130 1 0.388882393442197
350 150 1 0.388882393442197
350 170 1 0.388882393442197
350 190 1 0.388882393442197
350 210 1 0.388882393442197
350 230 1 0.388882393442197
350 250 1 0.388882393442197
350 270 1 0.388882393442197
350 290 1 0.388882393442197
350 310 1 0.388882393442197
350 330 1 0.388882393442197
350 350 1 0.388882393442197
350 370 1 0.388882393442197
350 390 1 0.388882393442197
350 410 1 0.388882393442197
350 430 1 0.388882393442197
350 450 1 0.388882393442197
350 470 1 0.388882393442197
350 490 1 0.388882393442197
350 510 1 0.388882393442197
350 530 1 0.388882393442197
350 550 1 0.388882393442197
350 570 1 0.388882393442197
350 590 1 0.388882393442197
350 610 1 0.388882393442197
350 630 1 0.388882393442197
350 650 1 0.388882393442197
350 670 1 0.388882393442197
350 690 1 0.388882393442197
350 710 1 0.388882393442197
350 730 1 0.388882393442197
350 750 1 0.388882393442197
350 770 1 0.388882393442197
350 790 1 0.388882393442197
350 810 1 0.388882393442197
350 830 1 0.388882393442197
350 850 1 0.388882393442197
350 870 1 0.388882393442197
350 890 1 0.388882393442197
350 910 1 0.388882393442197
350 930 1 0.388882393442197
350 950 1 0.388882393442197
350 970 1 0.388882393442197
350 990 1 0.388882393442197
370 10 1 0.388882393442197
370 30 1 0.388882393442197
370 50 1 0.388882393442197
370 70 1 0.388882393442197
370 90 1 0.388882393442197
370 110 1 0.388882393442197
370 130 1 0.388882393442197
370 150 1 0.388882393442197
370 170 1 0.388882393442197
370 190 1 0.388882393442197
370 210 1 0.388882393442197
370 230 1 0.388882393442197
370 250 1 0.388882393442197
370 270 1 0.388882393442197
370 290 1 0.388882393442197
370 310 1 0.388882393442197
370 330 1 0.388882393442197
370 350 1 0.388882393442197
370 370 1 0.388882393442197
370 390 1 0.388882393442197
370 410 1 0.388882393442197
370 430 1 0.388882393442197
370 450 1 0.388882393442197
370 470 1 0.388882393442197
370 490 1 0.388882393442197
370 510 1 0.388882393442197
370 530 1 0.388882393442197
370 550 1 0.388882393442197
370 570 1 0.388882393442197
370 590 1 0.388882393442197
370 610 1 0.388882393442197
370 630 1 0.388882393442197
370 650 1 0.388882393442197
370 670 1 0.388882393442197
370 690 1 0.388882393442197
370 710 1 0.388882393442197
370 730 1 0.388882393442197
370 750 1 0.388882393442197
370 770 1 0.388882393442197
370 790 1 0.388882393442197
370 810 1 0.388882393442197
370 830 1 0.388882393442197
370 850 1 0.388882393442197
370 870 1 0.388882393442197
370 890 1 0.388882393442197
370 910 1 0.388882393442197
370 930 1 0.388882393442197
370 950 1 0.388882393442197
370 970 1 0.388882393442197
370 990 1 0.388882393442197
390 10 1 0.388882393442197
390 30 1 0.388882393442197
390 50 1 0.388882393442197
390 70 1 0.388882393442197
390 90 1 0.388882393442197
390 110 1 0.388882393442197
390 130 1 0.388882393442197
390 150 1 0.388882393442197
390 170 1 0.388882393442197
390 190 1 0.388882393442197
390 210 1 0.388882393442197
390 230 1 0.388882393442197
390 250 1 0.388882393442197
390 270 1 0.388882393442197
390 290 1 0.388882393442197
390 310 1 0.388882393442197
390 330 1 0.388882393442197
390 350 1 0.388882393442197
390 370 1 0.388882393442197
390 390 1 0.388882393442197
390 410 1 0.388882393442197
390 430 1 0.388882393442197
390 450 1 0.388882393442197
390 470 1 0.388882393442197
390 490 1 0.388882393442197
390 510 1 0.388882393442197
390 530 1 0.388882393442197
390 550 1 0.388882393442197
390 570 1 0.388882393442197
390 590 1 0.388882393442197
390 610 1 0.388882393442197
390 630 1 0.388882393442197
390 650 1 0.388882393442197
390 670 1 0.388882393442197
390 690 1 0.388882393442197
390 710 1 0.388882393442197
390 730 1 0.388882393442197
390 750 1 0.388882393442197
390 770 1 0.388882393442197
390 790 1 0.388882393442197
390 810 1 0.388882393442197
390 830 1 0.388882393442197
390 850 1 0.388882393442197
390 870 1 0.388882393442197
390 890 1 0.388882393442197
390 910 1 0.388882393442197
390 930 1 0.388882393442197
390 950 1 0.388882393442197
390 970 1 0.388882393442197
390 990 1 0.388882393442197
410 10 1 0.388882393442197
410 30 1 0.388882393442197
410 50 1 0.388882393442197
410 70 1 0.388882393442197
410 90 1 0.388882393442197
410 110 1 0.388882393442197
410 130 1 0.388882393442197
410 150 1 0.388882393442197
410 170 1 0.388882393442197
410 190 1 0.388882393442197
410 210 1 0.388882393442197
410 230 1 0.388882393442197
410 250 1 0.388882393442197
410 270 1 0.388882393442197
410 290 1 0.388882393442197
410 310 1 0.388882393442197
410 330 1 0.388882393442197
410 350 1 0.388882393442197
410 370 1 0.388882393442197
410 390 1 0.388882393442197
410 410 1 0.388882393442197
410 430 1 0.388882393442197
410 450 1 0.388882393442197
410 470 1 0.388882393442197
410 490 1 0.388882393442197
410 510 1 0.388882393442197
410 530 1 0.388882393442197
410 550 1 0.388882393442197
410 570 1 0.388882393442197
410 590 1 0.388882393442197
410 610 1 0.388882393442197
410 630 1 0.388882393442197
410 650 1 0.388882393442197
410 670 1 0.388882393442197
410 690 1 0.388882393442197
410 710 1 0.388882393442197
410 730 1 0.388882393442197
410 750 1 0.388882393442197
410 770 1 0.388882393442197
410 790 1 0.388882393442197
410 810 1 0.388882393442197
410 830 1 0.388882393442197
410 850 1 0.388882393442197
410 870 1 0.388882393442197
410 890 1 0.388882393442197
410 910 1 0.388882393442197
410 930 1 0.388882393442197
410 950 1 0.388882393442197
410 970 1 0.388882393442197
410 990 1 0.388882393442197
430 10 1 0.388882393442197
430 30 1 0.388882393442197
430 50 1 0.388882393442197
430 70 1 0.388882393442197
430 90 1 0.388882393442197
430 110 1 0.388882393442197
430 130 1 0.388882393442197
430 150 1 0.388882393442197
430 170 1 0.388882393442197
430 190 1 0.388882393442197
430 210 1 0.388882393442197
430 230 1 0.388882393442197
430 250 1 0.388882393442197
430 270 1 0.388882393442197
430 290 1 0.388882393442197
430 310 1 0.388882393442197
430 330 1 0.388882393442197
430 350 1 0.388882393442197
430 370 1 0.388882393442197
430 390 1 0.388882393442197
430 410 1 0.388882393442197
430 430 1 0.388882393442197
430 450 1 0.388882393442197
430 470 1 0.388882393442197
430 490 1 0.388882393442197
430 510 1 0.388882393442197
430 530 1 0.388882393442197
430 550 1 0.388882393442197
430 570 1 0.388882393442197
430 590 1 0.388882393442197
430 610 1 0.388882393442197
430 630 1 0.388882393442197
430 650 1 0.388882393442197
430 670 1 0.388882393442197
430 690 1 0.388882393442197
430 710 1 0.388882393442197
430 730 1 0.388882393442197
430 750 1 0.388882393442197
430 770 1 0.388882393442197
430 790 1 0.388882393442197
430 810 1 0.388882393442197
430 830 1 0.388882393442197
430 850 1 0.388882393442197
430 870 1 0.388882393442197
430 890 1 0.388882393442197
430 910 1 0.388882393442197
430 930 1 0.388882393442197
430 950 1 0.388882393442197
430 970 1 0.388882393442197
430 990 1 0.388882393442197
450 10 1 0.388882393442197
450 30 1 0.388882393442197
450 50 1 0.388882393442197
450 70 1 0.388882393442197
450 90 1 0.388882393442197
450 110 1 0.388882393442197
450 130 1 0.388882393442197
450 150 1 0.388882393442197
450 170 1 0.388882393442197
450 190 1 0.388882393442197
450 210 1 0.388882393442197
450 230 1 0.388882393442197
450 250 1 0.388882393442197
450 270 1 0.388882393442197
450 290 1 0.388882393442197
450 310 1 0.388882393442197
450 330 1 0.388882393442197
450 350 1 0.388882393442197
450 370 1 0.388882393442197
450 390 1 0.388882393442197
450 410 1 0.388882393442197
450 430 1 0.388882393442197
450 450 1 0.388882393442197
450 470 1 0.388882393442197
450 490 1 0.388882393442197
450 510 1 0.388882393442197
450 530 1 0.388882393442197
450 550 1 0.388882393442197
450 570 1 0.388882393442197
450 590 1 0.388882393442197
450 610 1 0.388882393442197
450 630 1 0.388882393442197
450 650 1 0.388882393442197
450 670 1 0.388882393442197
450 690 1 0.388882393442197
450 710 1 0.388882393442197
450 730 1 0.388882393442197
450 750 1 0.388882393442197
450 770 1 0.388882393442197
450 790 1 0.388882393442197
450 810 1 0.388882393442197
450 830 1 0.388882393442197
450 850 1 0.388882393442197
450 870 1 0.388882393442197
450 890 1 0.388882393442197
450 910 1 0.388882393442197
450 930 1 0.388882393442197
450 950 1 0.388882393442197
450 970 1 0.388882393442197
450 990 1 0.388882393442197
470 10 1 0.388882393442197
470 30 1 0.388882393442197
470 50 1 0.388882393442197
470 70 1 0.388882393442197
470 90 1 0.388882393442197
470 110 1 0.388882393442197
470 130 1 0.388882393442197
470 150 1 0.388882393442197
470 170 1 0.388882393442197
470 190 1 0.388882393442197
470 210 1 0.388882393442197
470 230 1 0.388882393442197
470 250 1 0.388882393442197
470 270 1 0.388882393442197
470 290 1 0.388882393442197
470 310 1 0.388882393442197
470 330 1 0.388882393442197
470 350 1 0.388882393442197
470 370 1 0.388882393442197
470 390 1 0.388882393442197
470 410 1 0.388882393442197
470 430 1 0.388882393442197
470 450 1 0.388882393442197
470 470 1 0.388882393442197
470 490 1 0.388882393442197
470 510 1 0.388882393442197
470 530 1 0.388882393442197
470 550 1 0.388882393442197
470 570 1 0.388882393442197
470 590 1 0.388882393442197
470 610 1 0.388882393442197
470 630 1 0.388882393442197
470 650 1 0.388882393442197
470 670 1 0.388882393442197
470 690 1 0.388882393442197
470 710 1 0.388882393442197
470 730 1 0.388882393442197
470 750 1 0.388882393442197
470 770 1 0.388882393442197
470 790 1 0.388882393442197
470 810 1 0.388882393442197
470 830 1 0.388882393442197
470 850 1 0.388882393442197
470 870 1 0.388882393442197
470 890 1 0.388882393442197
470 910 1 0.388882393442197
470 930 1 0.388882393442197
470 950 1 0.388882393442197
470 970 1 0.388882393442197
470 990 1 0.388882393442197
490 10 1 0.388882393442197
490 30 1 0.388882393442197
490 50 1 0.388882393442197
490 70 1 0.388882393442197
490 90 1 0.388882393442197
490 110 1 0.388882393442197
490 130 1 0.388882393442197
490 150 1 0.388882393442197
490 170 1 0.388882393442197
490 190 1 0.388882393442197
490 210 1 0.388882393442197
490 230 1 0.388882393442197
490 250 1 0.388882393442197
490 270 1 0.388882393442197
490 290 1 0.388882393442197
490 310 1 0.388882393442197
490 330 1 0.388882393442197
490 350 1 0.388882393442197
490 370 1 0.388882393442197
490 390 1 0.388882393442197
490 410 1 0.388882393442197
490 430 1 0.388882393442197
490 450 1 0.388882393442197
490 470 1 0.388882393442197
490 490 1 0.388882393442197
490 510 1 0.388882393442197
490 530 1 0.388882393442197
490 550 1 0.388882393442197
490 570 1 0.388882393442197
490 590 1 0.388882393442197
490 610 1 0.388882393442197
490 630 1 0.388882393442197
490 650 1 0.388882393442197
490 670 1 0.388882393442197
490 690 1 0.388882393442197
490 710 1 0.388882393442197
490 730 1 0.388882393442197
490 750 1 0.388882393442197
490 770 1 0.388882393442197
490 790 1 0.388882393442197
490 810 1 0.388882393442197
490 830 1 0.388882393442197
490 850 1 0.388882393442197
490 870 1 0.388882393442197
490 890 1 0.388882393442197
490 910 1 0.388882393442197
490 930 1 0.388882393442197
490 950 1 0.388882393442197
490 970 1 0.388882393442197
490 990 1 0.388882393442197
510 10 1 0.388882393442197
510 30 1 0.388882393442197
510 50 1 0.388882393442197
510 70 1 0.388882393442197
510 90 1 0.388882393442197
510 110 1 0.388882393442197
510 130 1 0.388882393442197
510 150 1 0.388882393442197
510 170 1 0.388882393442197
510 190 1 0.388882393442197
510 210 1 0.388882393442197
510 230 1 0.388882393442197
510 250 1 0.388882393442197
510 270 1 0.388882393442197
510 290 1 0.388882393442197
510 310 1 0.388882393442197
510 330 1 0.388882393442197
510 350 1 0.388882393442197
510 370 1 0.388882393442197
510 390 1 0.388882393442197
510 410 1 0.388882393442197
510 430 1 0.388882393442197
510 450 1 0.388882393442197
510 470 1 0.388882393442197
510 490 1 0.388882393442197
510 510 1 0.388882393442197
510 530 1 0.388882393442197
510 550 1 0.388882393442197
510 570 1 0.388882393442197
510 590 1 0.388882393442197
510 610 1 0.388882393442197
510 630 1 0.388882393442197
510 650 1 0.388882393442197
510 670 1 0.388882393442197
510 690 1 0.388882393442197
510 710 1 0.388882393442197
510 730 1 0.388882393442197
510 750 1 0.388882393442197
510 770 1 0.388882393442197
510 790 1 0.388882393442197
510 810 1 0.388882393442197
510 830 1 0.388882393442197
510 850 1 0.388882393442197
510 870 1 0.388882393442197
510 890 1 0.388882393442197
510 910 1 0.388882393442197
510 930 1 0.388882393442197
510 950 1 0.388882393442197
510 970 1 0.388882393442197
510 990 1 0.388882393442197
530 10 1 0.388882393442197
530 30 1 0.388882393442197
530 50 1 0.388882393442197
530 70 1 0.388882393442197
530 90 1 0.388882393442197
530 110 1 0.388882393442197
530 130 1 0.388882393442197
530 150 1 0.388882393442197
530 170 1 0.388882393442197
530 190 1 0.388882393442197
530 210 1 0.388882393442197
530 230 1 0.388882393442197
530 250 1 0.388882393442197
530 270 1 0.388882393442197
530 290 1 0.388882393442197
530 310 1 0.388882393442197
530 330 1 0.388882393442197
530 350 1 0.388882393442197
530 370 1 0.388882393442197
530 390 1 0.388882393442197
530 410 1 0.388882393442197
530 430 1 0.388882393442197
530 450 1 0.388882393442197
530 470 1 0.388882393442197
530 490 1 0.388882393442197
530 510 1 0.388882393442197
530 530 1 0.388882393442197
530 550 1 0.388882393442197
530 570 1 0.388882393442197
530 590 1 0.388882393442197
530 610 1 0.388882393442197
530 630 1 0.388882393442197
530 650 1 0.388882393442197
530 670 1 0.388882393442197
530 690 1 0.388882393442197
530 710 1 0.388882393442197
530 730 1 0.388882393442197
530 750 1 0.388882393442197
530 770 1 0.388882393442197
530 790 1 0.388882393442197
530 810 1 0.388882393442197
530 830 1 0.388882393442197
530 850 1 0.388882393442197
530 870 1 0.388882393442197
530 890 1 0.388882393442197
530 910 1 0.388882393442197
530 930 1 0.388882393442197
530 950 1 0.388882393442197
530 970 1 0.388882393442197
530 990 1 0.388882393442197
550 10 1 0.388882393442197
550 30 1 0.388882393442197
550 50 1 0.388882393442197
550 70 1 0.388882393442197
550 90 1 0.388882393442197
550 110 1 0.388882393442197
550 130 1 0.388882393442197
550 150 1 0.388882393442197
550 170 1 0.388882393442197
550 190 1 0.388882393442197
550 210 1 0.388882393442197
550 230 1 0.388882393442197
550 250 1 0.388882393442197
550 270 1 0.388882393442197
550 290 1 0.388882393442197
550 310 1 0.388882393442197
550 330 1 0.388882393442197
550 350 1 0.388882393442197
550 370 1 0.388882393442197
550 390 1 0.388882393442197
550 410 1 0.388882393442197
550 430 1 0.388882393442197
550 450 1 0.388882393442197
550 470 1 0.388882393442197
550 490 1 0.388882393442197
550 510 1 0.388882393442197
550 530 1 0.388882393442197
550 550 1 0.388882393442197
550 570 1 0.388882393442197
550 590 1 0.388882393442197
550 610 1 0.388882393442197
550 630 1 0.388882393442197
550 650 1 0.388882393442197
550 670 1 0.388882393442197
550 690 1 0.388882393442197
550 710 1 0.388882393442197
550 730 1 0.388882393442197
550 750 1 0.388882393442197
550 770 1 0.388882393442197
550 790 1 0.388882393442197
550 810 1 0.388882393442197
550 830 1 0.388882393442197
550 850 1 0.388882393442197
550 870 1 0.388882393442197
550 890 1 0.388882393442197
550 910 1 0.388882393442197
550 930 1 0.388882393442197
550 950 1 0.388882393442197
550 970 1 0.388882393442197
550 990 1 0.388882393442197
570 10 1 0.388882393442197
570 30 1 0.388882393442197
570 50 1 0.388882393442197
570 70 1 0.388882393442197
570 90 1 0.388882393442197
570 110 1 0.388882393442197
570 130 1 0.388882393442197
570 150 1 0.388882393442197
570 170 1 0.388882393442197
570 190 1 0.388882393442197
570 210 1 0.388882393442197
570 230 1 0.388882393442197
570 250 1 0.388882393442197
570 270 1 0.388882393442197
570 290 1 0.388882393442197
570 310 1 0.388882393442197
570 330 1 0.388882393442197
570 350 1 0.388882393442197
570 370 1 0.388882393442197
570 390 1 0.388882393442197
570 410 1 0.388882393442197
570 430 1 0.388882393442197
570 450 1 0.388882393442197
570 470 1 0.388882393442197
570 490 1 0.388882393442197
570 510 1 0.388882393442197
570 530 1 0.388882393442197
570 550 1 0.388882393442197
570 570 1 0.388882393442197
570 590 1 0.388882393442197
570 610 1 0.388882393442197
570 630 1 0.388882393442197
570 650 1 0.388882393442197
570 670 1 0.388882393442197
570 690 1 0.388882393442197
570 710 1 0.388882393442197
570 730 1 0.388882393442197
570 750 1 0.388882393442197
570 770 1 0.388882393442197
570 790 1 0.388882393442197
570 810 1 0.388882393442197
570 830 1 0.388882393442197
570 850 1 0.388882393442197
570 870 1 0.388882393442197
570 890 1 0.388882393442197
570 910 1 0.388882393442197
570 930 1 0.388882393442197
570 950 1 0.388882393442197
570 970 1 0.388882393442197
570 990 1 0.388882393442197
590 10 1 0.388882393442197
590 30 1 0.388882393442197
590 50 1 0.388882393442197
590 70 1 0.388882393442197
590 90 1 0.388882393442197
590 110 1 0.388882393442197
590 130 1 0.388882393442197
590 150 1 0.388882393442197
590 170 1 0.388882393442197
590 190 1 0.388882393442197
590 210 1 0.388882393442197
590 230 1 0.388882393442197
590 250 1 0.388882393442197
590 270 1 0.388882393442197
590 290 1 0.388882393442197
590 310 1 0.388882393442197
590 330 1 0.388882393442197
590 350 1 0.388882393442197
590 370 1 0.388882393442197
590 390 1 0.388882393442197
590 410 1 0.388882393442197
590 430 1 0.388882393442197
590 450 1 0.388882393442197
590 470 1 0.388882393442197
590 490 1 0.388882393442197
590 510 1 0.388882393442197
590 530 1 0.388882393442197
590 550 1 0.388882393442197
590 570 1 0.388882393442197
590 590 1 0.388882393442197
590 610 1 0.388882393442197
590 630 1 0.388882393442197
590 650 1 0.388882393442197
590 670 1 0.388882393442197
590 690 1 0.388882393442197
590 710 1 0.388882393442197
590 730 1 0.388882393442197
590 750 1 0.388882393442197
590 770 1 0.388882393442197
590 790 1 0.388882393442197
590 810 1 0.388882393442197
590 830 1 0.388882393442197
590 850 1 0.388882393442197
590 870 1 0.388882393442197
590 890 1 0.388882393442197
590 910 1 0.388882393442197
590 930 1 0.388882393442197
590 950 1 0.388882393442197
590 970 1 0.388882393442197
590 990 1 0.388882393442197
610 10 1 0.388882393442197
610 30 1 0.388882393442197
610 50 1 0.388882393442197
610 70 1 0.388882393442197
610 90 1 0.388882393442197
610 110 1 0.388882393442197
610 130 1 0.388882393442197
610 150 1 0.388882393442197
610 170 1 0.388882393442197
610 190 1 0.388882393442197
610 210 1 0.388882393442197
610 230 1 0.388882393442197
610 250 1 0.388882393442197
610 270 1 0.388882393442197
610 290 1 0.388882393442197
610 310 1 0.388882393442197
610 330 1 0.388882393442197
610 350 1 0.388882393442197
610 370 1 0.388882393442197
610 390 1 0.388882393442197
610 410 1 0.388882393442197
610 430 1 0.388882393442197
610 450 1 0.388882393442197
610 470 1 0.388882393442197
610 490 1 0.388882393442197
610 510 1 0.388882393442197
610 530 1 0.388882393442197
610 550 1 0.388882393442197
610 570 1 0.388882393442197
610 590 1 0.388882393442197
610 610 1 0.388882393442197
610 630 1 0.388882393442197
610 650 1 0.388882393442197
610 670 1 0.388882393442197
610 690 1 0.388882393442197
610 710 1 0.388882393442197
610 730 1 0.388882393442197
610 750 1 0.388882393442197
610 770 1 0.388882393442197
610 790 1 0.388882393442197
610 810 1 0.388882393442197
610 830 1 0.388882393442197
610 850 1 0.388882393442197
610 870 1 0.388882393442197
610 890 1 0.388882393442197
610 910 1 0.388882393442197
610 930 1 0.388882393442197
610 950 1 0.388882393442197
610 970 1 0.388882393442197
610 990 1 0.388882393442197
630 10 1 0.388882393442197
630 30 1 0.388882393442197
630 50 1 0.388882393442197
630 70 1 0.388882393442197
630 90 1 0.388882393442197
630 110 1 0.388882393442197
630 130 1 0.388882393442197
630 150 1 0.388882393442197
630 170 1 0.388882393442197
630 190 1 0.388882393442197
630 210 1 0.388882393442197
630 230 1 0.388882393442197
630 250 1 0.388882393442197
630 270 1 0.388882393442197
630 290 1 0.388882393442197
630 310 1 0.388882393442197
630 330 1 0.388882393442197
630 350 1 0.388882393442197
630 370 1 0.388882393442197
630 390 1 0.388882393442197
630 410 1 0.388882393442197
630 430 1 0.388882393442197
630 450 1 0.388882393442197
630 470 1 0.388882393442197
630 490 1 0.388882393442197
630 510 1 0.388882393442197
630 530 1 0.388882393442197
630 550 1 0.388882393442197
630 570 1 0.388882393442197
630 590 1 0.388882393442197
630 610 1 0.388882393442197
630 630 1 0.388882393442197
630 650 1 0.388882393442197
630 670 1 0.388882393442197
630 690 1 0.388882393442197
630 710 1 0.388882393442197
630 730 1 0.388882393442197
630 750 1 0.388882393442197
630 770 1 0.388882393442197
630 790 1 0.388882393442197
630 810 1 0.388882393442197
630 830 1 0.388882393442197
630 850 1 0.388882393442197
630 870 1 0.388882393442197
630 890 1 0.388882393442197
630 910 1 0.388882393442197
630 930 1 0.388882393442197
630 950 1 0.388882393442197
630 970 1 0.388882393442197
630 990 1 0.388882393442197
650 10 1 0.388882393442197
650 30 1 0.388882393442197
650 50 1 0.388882393442197
650 70 1 0.388882393442197
650 90 1 0.388882393442197
650 110 1 0.388882393442197
650 130 1 0.388882393442197
650 150 1 0.388882393442197
650 170 1 0.388882393442197
650 190 1 0.388882393442197
650 210 1 0.388882393442197
650 230 1 0.388882393442197
650 250 1 0.388882393442197
650 270 1 0.388882393442197
650 290 1 0.388882393442197
650 310 1 0.388882393442197
650 330 1 0.388882393442197
650 350 1 0.388882393442197
650 370 1 0.388882393442197
650 390 1 0.388882393442197
650 410 1 0.388882393442197
650 430 1 0.388882393442197
650 450 1 0.388882393442197
650 470 1 0.388882393442197
650 490 1 0.388882393442197
650 510 1 0.388882393442197
650 530 1 0.388882393442197
650 550 1 0.388882393442197
650 570 1 0.388882393442197
650 590 1 0.388882393442197
650 610 1 0.388882393442197
650 630 1 0.388882393442197
650 650 1 0.388882393442197
650 670 1 0.388882393442197
650 690 1 0.388882393442197
650 710 1 0.388882393442197
650 730 1 0.388882393442197
650 750 1 0.388882393442197
650 770 1 0.388882393442197
650 790 1 0.388882393442197
650 810 1 0.388882393442197
650 830 1 0.388882393442197
650 850 1 0.388882393442197
650 870 1 0.388882393442197
650 890 1 0.388882393442197
650 910 1 0.388882393442197
650 930 1 0.388882393442197
650 950 1 0.388882393442197
650 970 1 0.388882393442197
650 990 1 0.388882393442197
670 10 1 0.388882393442197
670 30 1 0.388882393442197
670 50 1 0.388882393442197
670 70 1 0.388882393442197
670 90 1 0.388882393442197
670 110 1 0.388882393442197
670 130 1 0.388882393442197
670 150 1 0.388882393442197
670 170 1 0.388882393442197
670 190 1 0.388882393442197
670 210 1 0.388882393442197
670 230 1 0.388882393442197
670 250 1 0.388882393442197
670 270 1 0.388882393442197
670 290 1 0.388882393442197
670 310 1 0.388882393442197
670 330 1 0.388882393442197
670 350 1 0.388882393442197
670 370 1 0.388882393442197
670 390 1 0.388882393442197
670 410 1 0.388882393442197
670 430 1 0.388882393442197
670 450 1 0.388882393442197
670 470 1 0.388882393442197
670 490 1 0.388882393442197
670 510 1 0.388882393442197
670 530 1 0.388882393442197
670 550 1 0.388882393442197
670 570 1 0.388882393442197
670 590 1 0.388882393442197
670 610 1 0.388882393442197
670 630 1 0.388882393442197
670 650 1 0.388882393442197
670 670 1 0.388882393442197
670 690 1 0.388882393442197
670 710 1 0.388882393442197
670 730 1 0.388882393442197
670 750 1 0.388882393442197
670 770 1 0.388882393442197
670 790 1 0.388882393442197
670 810 1 0.388882393442197
670 830 1 0.388882393442197
670 850 1 0.388882393442197
670 870 1 0.388882393442197
670 890 1 0.388882393442197
670 910 1 0.388882393442197
670 930 1 0.388882393442197
670 950 1 0.388882393442197
670 970 1 0.388882393442197
670 990 1 0.388882393442197
690 10 1 0.388882393442197
690 30 1 0.388882393442197
690 50 1 0.388882393442197
690 70 1 0.388882393442197
690 90 1 0.388882393442197
690 110 1 0.388882393442197
690 130 1 0.388882393442197
690 150 1 0.388882393442197
690 170 1 0.388882393442197
690 190 1 0.388882393442197
690 210 1 0.388882393442197
690 230 1 0.388882393442197
690 250 1 0.388882393442197
690 270 1 0.388882393442197
690 290 1 0.388882393442197
690 310 1 0.388882393442197
690 330 1 0.388882393442197
690 350 1 0.388882393442197
690 370 1 0.388882393442197
690 390 1 0.388882393442197
690 410 1 0.388882393442197
690 430 1 0.388882393442197
690 450 1 0.388882393442197
690 470 1 0.388882393442197
690 490 1 0.388882393442197
690 510 1 0.388882393442197
690 530 1 0.388882393442197
690 550 1 0.388882393442197
690 570 1 0.388882393442197
690 590 1 0.388882393442197
690 610 1 0.388882393442197
690 630 1 0.388882393442197
690 650 1 0.388882393442197
690 670 1 0.388882393442197
690 690 1 0.388882393442197
690 710 1 0.388882393442197
690 730 1 0.388882393442197
690 750 1 0.388882393442197
690 770 1 0.388882393442197
690 790 1 0.388882393442197
690 810 1 0.388882393442197
690 830 1 0.388882393442197
690 850 1 0.388882393442197
690 870 1 0.388882393442197
690 890 1 0.388882393442197
690 910 1 0.388882393442197
690 930 1 0.388882393442197
690 950 1 0.388882393442197
690 970 1 0.388882393442197
690 990 1 0.388882393442197
710 10 1 0.388882393442197
710 30 1 0.388882393442197
710 50 1 0.388882393442197
710 70 1 0.388882393442197
710 90 1 0.388882393442197
710 110 1 0.388882393442197
710 130 1 0.388882393442197
710 150 1 0.388882393442197
710 170 1 0.388882393442197
710 190 1 0.388882393442197
710 210 1 0.388882393442197
710 230 1 0.388882393442197
710 250 1 0.388882393442197
710 270 1 0.388882393442197
710 290 1 0.388882393442197
710 310 1 0.388882393442197
710 330 1 0.388882393442197
710 350 1 0.388882393442197
710 370 1 0.388882393442197
710 390 1 0.388882393442197
710 410 1 0.388882393442197
710 430 1 0.388882393442197
710 450 1 0.388882393442197
710 470 1 0.388882393442197
710 490 1 0.388882393442197
710 510 1 0.388882393442197
710 530 1 0.388882393442197
710 550 1 0.388882393442197
710 570 1 0.388882393442197
710 590 1 0.388882393442197
710 610 1 0.388882393442197
710 630 1 0.388882393442197
710 650 1 0.388882393442197
710 670 1 0.388882393442197
710 690 1 0.388882393442197
710 710 1 0.388882393442197
710 730 1 0.388882393442197
710 750 1 0.388882393442197
710 770 1 0.388882393442197
710 790 1 0.388882393442197
710 810 1 0.388882393442197
710 830 1 0.388882393442197
710 850 1 0.388882393442197
710 870 1 0.388882393442197
710 890 1 0.388882393442197
710 910 1 0.388882393442197
710 930 1 0.388882393442197
710 950 1 0.388882393442197
710 970 1 0.388882393442197
710 990 1 0.388882393442197
730 10 1 0.388882393442197
730 30 1 0.388882393442197
730 50 1 0.388882393442197
730 70 1 0.388882393442197
730 90 1 0.388882393442197
730 110 1 0.388882393442197
730 130 1 0.388882393442197
730 150 1 0.388882393442197
730 170 1 0.388882393442197
730 190 1 0.388882393442197
730 210 1 0.388882393442197
730 230 1 0.388882393442197
730 250 1 0.388882393442197
730 270 1 0.388882393442197
730 290 1 0.388882393442197
730 310 1 0.388882393442197
730 330 1 0.388882393442197
730 350 1 0.388882393442197
730 370 1 0.388882393442197
730 390 1 0.388882393442197
730 410 1 0.388882393442197
730 430 1 0.388882393442197
730 450 1 0.388882393442197
730 470 1 0.388882393442197
730 490 1 0.388882393442197
730 510 1 0.388882393442197
730 530 1 0.388882393442197
730 550 1 0.388882393442197
730 570 1 0.388882393442197
730 590 1 0.388882393442197
730 610 1 0.388882393442197
730 630 1 0.388882393442197
730 650 1 0.388882393442197
730 670 1 0.388882393442197
730 690 1 0.388882393442197
730 710 1 0.388882393442197
730 730 1 0.388882393442197
730 750 1 0.388882393442197
730 770 1 0.388882393442197
730 790 1 0.388882393442197
730 810 1 0.388882393442197
730 830 1 0.388882393442197
730 850 1 0.388882393442197
730 870 1 0.388882393442197
730 890 1 0.388882393442197
730 910 1 0.388882393442197
730 930 1 0.388882393442197
730 950 1 0.388882393442197
730 970 1 0.388882393442197
730 990 1 0.388882393442197
750 10 1 0.388882393442197
750 30 1 0.388882393442197
750 50 1 0.388882393442197
750 70 1 0.388882393442197
750 90 1 0.388882393442197
750 110 1 0.388882393442197
750 130 1 0.388882393442197
750 150 1 0.388882393442197
750 170 1 0.388882393442197
750 190 1 0.388882393442197
750 210 1 0.388882393442197
750 230 1 0.388882393442197
750 250 1 0.388882393442197
750 270 1 0.388882393442197
750 290 1 0.388882393442197
750 310 1 0.388882393442197
750 330 1 0.388882393442197
750 350 1 0.388882393442197
750 370 1 0.388882393442197
750 390 1 0.388882393442197
750 410 1 0.388882393442197
750 430 1 0.388882393442197
750 450 1 0.388882393442197
750 470 1 0.388882393442197
750 490 1 0.388882393442197
750 510 1 0.388882393442197
750 530 1 0.388882393442197
750 550 1 0.388882393442197
750 570 1 0.388882393442197
750 590 1 0.388882393442197
750 610 1 0.388882393442197
750 630 1 0.388882393442197
750 650 1 0.388882393442197
750 670 1 0.388882393442197
750 690 1 0.388882393442197
750 710 1 0.388882393442197
750 730 1 0.388882393442197
750 750 1 0.388882393442197
750 770 1 0.388882393442197
750 790 1 0.388882393442197
750 810 1 0.388882393442197
750 830 1 0.388882393442197
750 850 1 0.388882393442197
750 870 1 0.388882393442197
750 890 1 0.388882393442197
750 910 1 0.388882393442197
750 930 1 0.388882393442197
750 950 1 0.388882393442197
750 970 1 0.388882393442197
750 990 1 0.388882393442197
770 10 1 0.388882393442197
770 30 1 0.388882393442197
770 50 1 0.388882393442197
770 70 1 0.388882393442197
770 90 1 0.388882393442197
770 110 1 0.388882393442197
770 130 1 0.388882393442197
770 150 1 0.388882393442197
770 170 1 0.388882393442197
770 190 1 0.388882393442197
770 210 1 0.388882393442197
770 230 1 0.388882393442197
770 250 1 0.388882393442197
770 270 1 0.388882393442197
770 290 1 0.388882393442197
770 310 1 0.388882393442197
770 330 1 0.388882393442197
770 350 1 0.388882393442197
770 370 1 0.388882393442197
770 390 1 0.388882393442197
770 410 1 0.388882393442197
770 430 1 0.388882393442197
770 450 1 0.388882393442197
770 470 1 0.388882393442197
770 490 1 0.388882393442197
770 510 1 0.388882393442197
770 530 1 0.388882393442197
770 550 1 0.388882393442197
770 570 1 0.388882393442197
770 590 1 0.388882393442197
770 610 1 0.388882393442197
770 630 1 0.388882393442197
770 650 1 0.388882393442197
770 670 1 0.388882393442197
770 690 1 0.388882393442197
770 710 1 0.388882393442197
770 730 1 0.388882393442197
770 750 1 0.388882393442197
770 770 1 0.388882393442197
770 790 1 0.388882393442197
770 810 1 0.388882393442197
770 830 1 0.388882393442197
770 850 1 0.388882393442197
770 870 1 0.388882393442197
770 890 1 0.388882393442197
770 910 1 0.388882393442197
770 930 1 0.388882393442197
770 950 1 0.388882393442197
770 970 1 0.388882393442197
770 990 1 0.388882393442197
790 10 1 0.388882393442197
790 30 1 0.388882393442197
790 50 1 0.388882393442197
790 70 1 0.388882393442197
790 90 1 0.388882393442197
790 110 1 0.388882393442197
790 130 1 0.388882393442197
790 150 1 0.388882393442197
790 170 1 0.388882393442197
790 190 1 0.388882393442197
790 210 1 0.388882393442197
790 230 1 0.388882393442197
790 250 1 0.388882393442197
790 270 1 0.388882393442197
790 290 1 0.388882393442197
790 310 1 0.388882393442197
790 330 1 0.388882393442197
790 350 1 0.388882393442197
790 370 1 0.388882393442197
790 390 1 0.388882393442197
790 410 1 0.388882393442197
790 430 1 0.388882393442197
790 450 1 0.388882393442197
790 470 1 0.388882393442197
790 490 1 0.388882393442197
790 510 1 0.388882393442197
790 530 1 0.388882393442197
790 550 1 0.388882393442197
790 570 1 0.388882393442197
790 590 1 0.388882393442197
790 610 1 0.388882393442197
790 630 1 0.388882393442197
790 650 1 0.388882393442197
790 670 1 0.388882393442197
790 690 1 0.388882393442197
790 710 1 0.388882393442197
790 730 1 0.388882393442197
790 750 1 0.388882393442197
790 770 1 0.388882393442197
790 790 1 0.388882393442197
790 810 1 0.388882393442197
790 830 1 0.388882393442197
790 850 1 0.388882393442197
790 870 1 0.388882393442197
790 890 1 0.388882393442197
790 910 1 0.388882393442197
790 930 1 0.388882393442197
790 950 1 0.388882393442197
790 970 1 0.388882393442197
790 990 1 0.388882393442197
810 10 1 0.388882393442197
810 30 1 0.388882393442197
810 50 1 0.388882393442197
810 70 1 0.388882393442197
810 90 1 0.388882393442197
810 110 1 0.388882393442197
810 130 1 0.388882393442197
810 150 1 0.388882393442197
810 170 1 0.388882393442197
810 190 1 0.388882393442197
810 210 1 0.388882393442197
810 230 1 0.388882393442197
810 250 1 0.388882393442197
810 270 1 0.388882393442197
810 290 1 0.388882393442197
810 310 1 0.388882393442197
810 330 1 0.388882393442197
810 350 1 0.388882393442197
810 370 1 0.388882393442197
810 390 1 0.388882393442197
810 410 1 0.388882393442197
810 430 1 0.388882393442197
810 450 1 0.388882393442197
810 470 1 0.388882393442197
810 490 1 0.388882393442197
810 510 1 0.388882393442197
810 530 1 0.388882393442197
810 550 1 0.388882393442197
810 570 1 0.388882393442197
810 590 1 0.388882393442197
810 610 1 0.388882393442197
810 630 1 0.388882393442197
810 650 1 0.388882393442197
810 670 1 0.388882393442197
810 690 1 0.388882393442197
810 710 1 0.388882393442197
810 730 1 0.388882393442197
810 750 1 0.388882393442197
810 770 1 0.388882393442197
810 790 1 0.388882393442197
810 810 1 0.388882393442197
810 830 1 0.388882393442197
810 850 1 0.388882393442197
810 870 1 0.388882393442197
810 890 1 0.388882393442197
810 910 1 0.388882393442197
810 930 1 0.388882393442197
810 950 1 0.388882393442197
810 970 1 0.388882393442197
810 990 1 0.388882393442197
830 10 1 0.388882393442197
830 30 1 0.388882393442197
830 50 1 0.388882393442197
830 70 1 0.388882393442197
830 90 1 0.388882393442197
830 110 1 0.388882393442197
830 130 1 0.388882393442197
830 150 1 0.388882393442197
830 170 1 0.388882393442197
830 190 1 0.388882393442197
830 210 1 0.388882393442197
830 230 1 0.388882393442197
830 250 1 0.388882393442197
830 270 1 0.388882393442197
830 290 1 0.388882393442197
830 310 1 0.388882393442197
830 330 1 0.388882393442197
830 350 1 0.388882393442197
830 370 1 0.388882393442197
830 390 1 0.388882393442197
830 410 1 0.388882393442197
830 430 1 0.388882393442197
830 450 1 0.388882393442197
830 470 1 0.388882393442197
830 490 1 0.388882393442197
830 510 1 0.388882393442197
830 530 1 0.388882393442197
830 550 1 0.388882393442197
830 570 1 0.388882393442197
830 590 1 0.388882393442197
830 610 1 0.388882393442197
830 630 1 0.388882393442197
830 650 1 0.388882393442197
830 670 1 0.388882393442197
830 690 1 0.388882393442197
830 710 1 0.388882393442197
830 730 1 0.388882393442197
830 750 1 0.388882393442197
830 770 1 0.388882393442197
830 790 1 0.388882393442197
830 810 1 0.388882393442197
830 830 1 0.388882393442197
830 850 1 0.388882393442197
830 870 1 0.388882393442197
830 890 1 0.388882393442197
830 910 1 0.388882393442197
830 930 1 0.388882393442197
830 950 1 0.388882393442197
830 970 1 0.388882393442197
830 990 1 0.388882393442197
850 10 1 0.388882393442197
850 30 1 0.388882393442197
850 50 1 0.388882393442197
850 70 1 0.388882393442197
850 90 1 0.388882393442197
850 110 1 0.388882393442197
850 130 1 0.388882393442197
850 150 1 0.388882393442197
850 170 1 0.388882393442197
850 190 1 0.388882393442197
850 210 1 0.388882393442197
850 230 1 0.388882393442197
850 250 1 0.388882393442197
850 270 1 0.388882393442197
850 290 1 0.388882393442197
850 310 1 0.388882393442197
850 330 1 0.388882393442197
850 350 1 0.388882393442197
850 370 1 0.388882393442197
850 390 1 0.388882393442197
850 410 1 0.388882393442197
850 430 1 0.388882393442197
850 450 1 0.388882393442197
850 470 1 0.388882393442197
850 490 1 0.388882393442197
850 510 1 0.388882393442197
850 530 1 0.388882393442197
850 550 1 0.388882393442197
850 570 1 0.388882393442197
850 590 1 0.388882393442197
850 610 1 0.388882393442197
850 630 1 0.388882393442197
850 650 1 0.388882393442197
850 670 1 0.388882393442197
850 690 1 0.388882393442197
850 710 1 0.388882393442197
850 730 1 0.388882393442197
850 750 1 0.388882393442197
850 770 1 0.388882393442197
850 790 1 0.388882393442197
850 810 1 0.388882393442197
850 830 1 0.388882393442197
850 850 1 0.388882393442197
850 870 1 0.388882393442197
850 890 1 0.388882393442197
850 910 1 0.388882393442197
850 930 1 0.388882393442197
850 950 1 0.388882393442197
850 970 1 0.388882393442197
850 990 1 0.388882393442197
870 10 1 0.388882393442197
870 30 1 0.388882393442197
870 50 1 0.388882393442197
870 70 1 0.388882393442197
870 90 1 0.388882393442197
870 110 1 0.388882393442197
870 130 1 0.388882393442197
870 150 1 0.388882393442197
870 170 1 0.388882393442197
870 190 1 0.388882393442197
870 210 1 0.388882393442197
870 230 1 0.388882393442197
870 250 1 0.388882393442197
870 270 1 0.388882393442197
870 290 1 0.388882393442197
870 310 1 0.388882393442197
870 330 1 0.388882393442197
870 350 1 0.388882393442197
870 370 1 0.388882393442197
870 390 1 0.388882393442197
870 410 1 0.388882393442197
870 430 1 0.388882393442197
870 450 1 0.388882393442197
870 470 1 0.388882393442197
870 490 1 0.388882393442197
870 510 1 0.388882393442197
870 530 1 0.388882393442197
870 550 1 0.388882393442197
870 570 1 0.388882393442197
870 590 1 0.388882393442197
870 610 1 0.388882393442197
870 630 1 0.388882393442197
870 650 1 0.388882393442197
870 670 1 0.388882393442197
870 690 1 0.388882393442197
870 710 1 0.388882393442197
870 730 1 0.388882393442197
870 750 1 0.388882393442197
870 770 1 0.388882393442197
870 790 1 0.388882393442197
870 810 1 0.388882393442197
870 830 1 0.388882393442197
870 850 1 0.388882393442197
870 870 1 0.388882393442197
870 890 1 0.388882393442197
870 910 1 0.388882393442197
870 930 1 0.388882393442197
870 950 1 0.388882393442197
870 970 1 0.388882393442197
870 990 1 0.388882393442197
890 10 1 0.388882393442197
890 30 1 0.388882393442197
890 50 1 0.388882393442197
890 70 1 0.388882393442197
890 90 1 0.388882393442197
890 110 1 0.388882393442197
890 130 1 0.388882393442197
890 150 1 0.388882393442197
890 170 1 0.388882393442197
890 190 1 0.388882393442197
890 210 1 0.388882393442197
890 230 1 0.388882393442197
890 250 1 0.388882393442197
890 270 1 0.388882393442197
890 290 1 0.388882393442197
890 310 1 0.388882393442197
890 330 1 0.388882393442197
890 350 1 0.388882393442197
890 370 1 0.388882393442197
890 390 1 0.388882393442197
890 410 1 0.388882393442197
890 430 1 0.388882393442197
890 450 1 0.388882393442197
890 470 1 0.388882393442197
890 490 1 0.388882393442197
890 510 1 0.388882393442197
890 530 1 0.388882393442197
890 550 1 0.388882393442197
890 570 1 0.388882393442197
890 590 1 0.388882393442197
890 610 1 0.388882393442197
890 630 1 0.388882393442197
890 650 1 0.388882393442197
890 670 1 0.388882393442197
890 690 1 0.388882393442197
890 710 1 0.388882393442197
890 730 1 0.388882393442197
890 750 1 0.388882393442197
890 770 1 0.388882393442197
890 790 1 0.388882393442197
890 810 1 0.388882393442197
890 830 1 0.388882393442197
890 850 1 0.388882393442197
890 870 1 0.388882393442197
890 890 1 0.388882393442197
890 910 1 0.388882393442197
890 930 1 0.388882393442197
890 950 1 0.388882393442197
890 970 1 0.388882393442197
890 990 1 0.388882393442197
910 10 1 0.388882393442197
910 30 1 0.388882393442197
910 50 1 0.388882393442197
910 70 1 0.388882393442197
910 90 1 0.388882393442197
910 110 1 0.388882393442197
910 130 1 0.388882393442197
910 150 1 0.388882393442197
910 170 1 0.388882393442197
910 190 1 0.388882393442197
910 210 1 0.388882393442197
910 230 1 0.388882393442197
910 250 1 0.388882393442197
910 270 1 0.388882393442197
910 290 1 0.388882393442197
910 310 1 0.388882393442197
910 330 1 0.388882393442197
910 350 1 0.388882393442197
910 370 1 0.388882393442197
910 390 1 0.388882393442197
910 410 1 0.388882393442197
910 430 1 0.388882393442197
910 450 1 0.388882393442197
910 470 1 0.388882393442197
910 490 1 0.388882393442197
910 510 1 0.388882393442197
910 530 1 0.388882393442197
910 550 1 0.388882393442197
910 570 1 0.388882393442197
910 590 1 0.388882393442197
910 610 1 0.388882393442197
910 630 1 0.388882393442197
910 650 1 0.388882393442197
910 670 1 0.388882393442197
910 690 1 0.388882393442197
910 710 1 0.388882393442197
910 730 1 0.388882393442197
910 750 1 0.388882393442197
910 770 1 0.388882393442197
910 790 1 0.388882393442197
910 810 1 0.388882393442197
910 830 1 0.388882393442197
910 850 1 0.388882393442197
910 870 1 0.388882393442197
910 890 1 0.388882393442197
910 910 1 0.388882393442197
910 930 1 0.388882393442197
910 950 1 0.388882393442197
910 970 1 0.388882393442197
910 990 1 0.388882393442197
930 10 1 0.388882393442197
930 30 1 0.388882393442197
930 50 1 0.388882393442197
930 70 1 0.388882393442197
930 90 1 0.388882393442197
930 110 1 0.388882393442197
930 130 1 0.388882393442197
930 150 1 0.388882393442197
930 170 1 0.388882393442197
930 190 1 0.388882393442197
930 210 1 0.388882393442197
930 230 1 0.388882393442197
930 250 1 0.388882393442197
930 270 1 0.388882393442197
930 290 1 0.388882393442197
930 310 1 0.388882393442197
930 330 1 0.388882393442197
930 350 1 0.388882393442197
930 370 1 0.388882393442197
930 390 1 0.388882393442197
930 410 1 0.388882393442197
930 430 1 0.388882393442197
930 450 1 0.388882393442197
930 470 1 0.388882393442197
930 490 1 0.388882393442197
930 510 1 0.388882393442197
930 530 1 0.388882393442197
930 550 1 0.388882393442197
930 570 1 0.388882393442197
930 590 1 0.388882393442197
930 610 1 0.388882393442197
930 630 1 0.388882393442197
930 650 1 0.388882393442197
930 670 1 0.388882393442197
930 690 1 0.388882393442197
930 710 1 0.388882393442197
930 730 1 0.388882393442197
930 750 1 0.388882393442197
930 770 1 0.388882393442197
930 790 1 0.388882393442197
930 810 1 0.388882393442197
930 830 1 0.388882393442197
930 850 1 0.388882393442197
930 870 1 0.388882393442197
930 890 1 0.388882393442197
930 910 1 0.388882393442197
930 930 1 0.388882393442197
930 950 1 0.388882393442197
930 970 1 0.388882393442197
930 990 1 0.388882393442197
950 10 1 0.388882393442197
950 30 1 0.388882393442197
950 50 1 0.388882393442197
950 70 1 0.388882393442197
950 90 1 0.388882393442197
950 110 1 0.388882393442197
950 130 1 0.388882393442197
950 150 1 0.388882393442197
950 170 1 0.388882393442197
950 190 1 0.388882393442197
950 210 1 0.388882393442197
950 230 1 0.388882393442197
950 250 1 0.388882393442197
950 270 1 0.388882393442197
950 290 1 0.388882393442197
950 310 1 0.388882393442197
950 330 1 0.388882393442197
950 350 1 0.388882393442197
950 370 1 0.388882393442197
950 390 1 0.388882393442197
950 410 1 0.388882393442197
950 430 1 0.388882393442197
950 450 1 0.388882393442197
950 470 1 0.388882393442197
950 490 1 0.388882393442197
950 510 1 0.388882393442197
950 530 1 0.388882393442197
950 550 1 0.388882393442197
950 570 1 0.388882393442197
950 590 1 0.388882393442197
950 610 1 0.388882393442197
950 630 1 0.388882393442197
950 650 1 0.388882393442197
950 670 1 0.388882393442197
950 690 1 0.388882393442197
950 710 1 0.388882393442197
950 730 1 0.388882393442197
950 750 1 0.388882393442197
950 770 1 0.388882393442197
950 790 1 0.388882393442197
950 810 1 0.388882393442197
950 830 1 0.388882393442197
950 850 1 0.388882393442197
950 870 1 0.388882393442197
950 890 1 0.388882393442197
950 910 1 0.388882393442197
950 930 1 0.388882393442197
950 950 1 0.388882393442197
950 970 1 0.388882393442197
950 990 1 0.388882393442197
970 10 1 0.388882393442197
970 30 1 0.388882393442197
970 50 1 0.388882393442197
970 70 1 0.388882393442197
970 90 1 0.388882393442197
970 110 1 0.388882393442197
970 130 1 0.388882393442197
970 150 1 0.388882393442197
970 170 1 0.388882393442197
970 190 1 0.388882393442197
970 210 1 0.388882393442197
970 230 1 0.388882393442197
970 250 1 0.388882393442197
970 270 1 0.388882393442197
970 290 1 0.388882393442197
970 310 1 0.388882393442197
970 330 1 0.388882393442197
970 350 1 0.388882393442197
970 370 1 0.388882393442197
970 390 1 0.388882393442197
970 410 1 0.388882393442197
970 430 1 0.388882393442197
970 450 1 0.388882393442197
970 470 1 0.388882393442197
970 490 1 0.388882393442197
970 510 1 0.388882393442197
970 530 1 0.388882393442197
970 550 1 0.388882393442197
970 570 1 0.388882393442197
970 590 1 0.388882393442197
970 610 1 0.388882393442197
970 630 1 0.388882393442197
970 650 1 0.388882393442197
970 670 1 0.388882393442197
970 690 1 0.388882393442197
970 710 1 0.388882393442197
970 730 1 0.388882393442197
970 750 1 0.388882393442197
970 770 1 0.388882393442197
970 790 1 0.388882393442197
970 810 1 0.388882393442197
970 830 1 0.388882393442197
970 850 1 0.388882393442197
970 870 1 0.388882393442197
970 890 1 0.388882393442197
970 910 1 0.388882393442197
970 930 1 0.388882393442197
970 950 1 0.388882393442197
970 970 1 0.388882393442197
970 990 1 0.388882393442197
990 10 1 0.388882393442197
990 30 1 0.388882393442197
990 50 1 0.388882393442197
990 70 1 0.388882393442197
990 90 1 0.388882393442197
990 110 1 0.388882393442197
990 130 1 0.388882393442197
990 150 1 0.388882393442197
990 170 1 0.388882393442197
990 190 1 0.388882393442197
990 210 1 0.388882393442197
990 230 1 0.388882393442197
990 250 1 0.388882393442197
990 270 1 0.388882393442197
990 290 1 0.388882393442197
990 310 1 0.388882393442197
990 330 1 0.388882393442197
990 350 1 0.388882393442197
990 370 1 0.388882393442197
990 390 1 0.388882393442197
990 410 1 0.388882393442197
990 430 1 0.388882393442197
990 450 1 0.388882393442197
990 470 1 0.388882393442197
990 490 1 0.388882393442197
990 510 1 0.388882393442197
990 530 1 0.388882393442197
990 550 1 0.388882393442197
990 570 1 0.388882393442197
990 590 1 0.388882393442197
990 610 1 0.388882393442197
990 630 1 0.388882393442197
990 650 1 0.388882393442197
990 670 1 0.388882393442197
990 690 1 0.388882393442197
990 710 1 0.388882393442197
990 730 1 0.388882393442197
990 750 1 0.388882393442197
990 770 1 0.388882393442197
990 790 1 0.388882393442197
990 810 1 0.388882393442197
990 830 1 0.388882393442197
990 850 1 0.388882393442197
990 870 1 0.388882393442197
990 890 1 0.388882393442197
990 910 1 0.388882393442197
990 930 1 0.388882393442197
990 950 1 0.388882393442197
990 970 1 0.388882393442197
990 990 1 0.388882393442197
