24 419 1 0.388882393442197
808 768 1 0.388882393442197
762 252 1 0.388882393442197
452 187 1 0.388882393442197
783 684 1 0.388882393442197
874 470 1 0.388882393442197
645 215 1 0.388882393442197
150 351 1 0.388882393442197
6 268 1 0.388882393442197
381 980 1 0.388882393442197
147 895 1 0.388882393442197
677 860 1 0.388882393442197
965 990 1 0.388882393442197
19 986 1 0.388882393442197
627 18 1 0.388882393442197
650 281 1 0.388882393442197
245 104 1 0.388882393442197
986 238 1 0.388882393442197
740 149 1 0.388882393442197
506 525 1 0.388882393442197
221 541 1 0.388882393442197
6 660 1 0.388882393442197
198 658 1 0.388882393442197
529 653 1 0.388882393442197
581 597 1 0.388882393442197
181 829 1 0.388882393442197
315 431 1 0.388882393442197
295 907 1 0.388882393442197
81 482 1 0.388882393442197
831 298 1 0.388882393442197
470 57 1 0.388882393442197
726 185 1 0.388882393442197
499 134 1 0.388882393442197
241 293 1 0.388882393442197
330 466 1 0.388882393442197
621 766 1 0.388882393442197
882 933 1 0.388882393442197
618 309 1 0.388882393442197
391 476 1 0.388882393442197
55 141 1 0.388882393442197
215 336 1 0.388882393442197
601 382 1 0.388882393442197
970 540 1 0.388882393442197
904 771 1 0.388882393442197
265 282 1 0.388882393442197
708 624 1 0.388882393442197
351 917 1 0.388882393442197
808 693 1 0.388882393442197
642 723 1 0.388882393442197
478 506 1 0.388882393442197
200 532 1 0.388882393442197
326 771 1 0.388882393442197
629 124 1 0.388882393442197
60 656 1 0.388882393442197
815 880 1 0.388882393442197
379 240 1 0.388882393442197
164 290 1 0.388882393442197
885 854 1 0.388882393442197
415 298 1 0.388882393442197
603 411 1 0.388882393442197
314 528 1 0.388882393442197
316 349 1 0.388882393442197
414 283 1 0.388882393442197
851 443 1 0.388882393442197
80 341 1 0.388882393442197
73 491 1 0.388882393442197
46 848 1 0.388882393442197
628 834 1 0.388882393442197
900 331 1 0.388882393442197
342 968 1 0.388882393442197
594 398 1 0.388882393442197
773 898 1 0.388882393442197
393 162 1 0.388882393442197
131 756 1 0.388882393442197
877 7 1 0.388882393442197
355 122 1 0.388882393442197
510 405 1 0.388882393442197
726 485 1 0.388882393442197
501 876 1 0.388882393442197
473 530 1 0.388882393442197
270 498 1 0.388882393442197
648 441 1 0.388882393442197
386 976 1 0.388882393442197
875 610 1 0.388882393442197
630 272 1 0.388882393442197
65 30 1 0.388882393442197
411 854 1 0.388882393442197
592 211 1 0.388882393442197
626 124 1 0.388882393442197
650 358 1 0.388882393442197
139 868 1 0.388882393442197
233 358 1 0.388882393442197
49 610 1 0.388882393442197
729 60 1 0.388882393442197
880 677 1 0.388882393442197
515 989 1 0.388882393442197
797 625 1 0.388882393442197
130 697 1 0.388882393442197
595 998 1 0.388882393442197
133 772 1 0.388882393442197
563 762 1 0.388882393442197
585 552 1 0.388882393442197
774 224 1 0.388882393442197
554 886 1 0.388882393442197
939 351 1 0.388882393442197
514 47 1 0.388882393442197
951 199 1 0.388882393442197
282 144 1 0.388882393442197
923 200 1 0.388882393442197
51 668 1 0.388882393442197
532 488 1 0.388882393442197
855 123 1 0.388882393442197
391 979 1 0.388882393442197
742 572 1 0.388882393442197
987 497 1 0.388882393442197
236 877 1 0.388882393442197
548 897 1 0.388882393442197
536 184 1 0.388882393442197
657 618 1 0.388882393442197
532 163 1 0.388882393442197
667 741 1 0.388882393442197
701 676 1 0.388882393442197
2 463 1 0.388882393442197
70 478 1 0.388882393442197
693 315 1 0.388882393442197
819 337 1 0.388882393442197
440 265 1 0.388882393442197
108 186 1 0.388882393442197
409 251 1 0.388882393442197
554 773 1 0.388882393442197
885 369 1 0.388882393442197
358 513 1 0.388882393442197
438 195 1 0.388882393442197
588 890 1 0.388882393442197
55 967 1 0.388882393442197
367 662 1 0.388882393442197
428 970 1 0.388882393442197
53 994 1 0.388882393442197
637 233 1 0.388882393442197
467 716 1 0.388882393442197
345 185 1 0.388882393442197
349 88 1 0.388882393442197
791 541 1 0.388882393442197
876 410 1 0.388882393442197
882 164 1 0.388882393442197
524 581 1 0.388882393442197
171 911 1 0.388882393442197
92 649 1 0.388882393442197
919 799 1 0.388882393442197
94 860 1 0.388882393442197
186 2 1 0.388882393442197
747 561 1 0.388882393442197
449 382 1 0.388882393442197
504 273 1 0.388882393442197
605 167 1 0.388882393442197
591 895 1 0.388882393442197
27 870 1 0.388882393442197
644 68 1 0.388882393442197
744 79 1 0.388882393442197
717 854 1 0.388882393442197
818 117 1 0.388882393442197
893 111 1 0.388882393442197
679 720 1 0.388882393442197
185 752 1 0.388882393442197
366 272 1 0.388882393442197
425 626 1 0.388882393442197
875 946 1 0.388882393442197
750 677 1 0.388882393442197
259 793 1 0.388882393442197
925 507 1 0.388882393442197
235 207 1 0.388882393442197
69 560 1 0.388882393442197
856 201 1 0.388882393442197
797 13 1 0.388882393442197
886 507 1 0.388882393442197
473 570 1 0.388882393442197
867 695 1 0.388882393442197
391 940 1 0.388882393442197
740 457 1 0.388882393442197
857 811 1 0.388882393442197
235 537 1 0.388882393442197
651 542 1 0.388882393442197
780 973 1 0.388882393442197
878 805 1 0.388882393442197
32 951 1 0.388882393442197
780 285 1 0.388882393442197
396 229 1 0.388882393442197
335 144 1 0.388882393442197
301 275 1 0.388882393442197
269 5 1 0.388882393442197
729 777 1 0.388882393442197
170 737 1 0.388882393442197
725 227 1 0.388882393442197
994 333 1 0.388882393442197
69 696 1 0.388882393442197
524 438 1 0.388882393442197
634 600 1 0.388882393442197
457 331 1 0.388882393442197
806 716 1 0.388882393442197
612 325 1 0.388882393442197
