292.87442432758036 591.4019797060339 1 0.388882393442197
166.71400442474925 15.543630473546122 1 0.388882393442197
925.1130122813303 197.70197039052118 1 0.388882393442197
72.15827068350123 519.9441057417595 1 0.388882393442197
478.53989675342666 788.9627345627646 1 0.388882393442197
97.296813719146 483.82209959800093 1 0.388882393442197
604.3730273645987 722.6129183951009 1 0.388882393442197
238.28230876221878 256.57088316230994 1 0.388882393442197
431.1745430726358 679.7321042509332 1 0.388882393442197
763.8639904507472 644.5805752373444 1 0.388882393442197
304.25703612173095 819.4611041559122 1 0.388882393442197
135.80344513981325 570.687836671881 1 0.388882393442197
369.3427393315724 440.4036787069383 1 0.388882393442197
634.8705476644006 359.0220450798616 1 0.388882393442197
291.2741592457395 770.2746595196322 1 0.388882393442197
33.94448393047378 961.2217278863825 1 0.388882393442197
705.329390620111 544.5351571757872 1 0.388882393442197
21.801389303742535 177.46994772512903 1 0.388882393442197
241.77318499143863 221.6801975921354 1 0.388882393442197
468.1498309290132 491.408344795591 1 0.388882393442197
801.5209174831596 103.03477610315504 1 0.388882393442197
381.02648375042935 169.47173564895246 1 0.388882393442197
955.7967638697568 65.09427310735283 1 0.388882393442197
4.73621775027977 244.49857951261112 1 0.388882393442197
973.6224392544299 147.09660480232233 1 0.388882393442197
248.1906322909968 395.91404404690434 1 0.388882393442197
533.9716976956538 306.54212679318425 1 0.388882393442197
764.607374369243 975.924719237348 1 0.388882393442197
580.2266726060263 775.7795070007746 1 0.388882393442197
241.76150031286346 918.9886008129167 1 0.388882393442197
949.3622083318527 387.61718930153324 1 0.388882393442197
6.936612702191036 240.1697043693495 1 0.388882393442197
741.8978835056005 410.6178221736159 1 0.388882393442197
318.5933315391463 219.7782745894017 1 0.388882393442197
104.30537724253308 698.199543209591 1 0.388882393442197
406.02415347277685 588.7535122601927 1 0.388882393442197
125.85578228780835 690.2407892949533 1 0.388882393442197
154.96744223773305 793.6566543837979 1 0.388882393442197
710.6468299779814 329.5872684357284 1 0.388882393442197
878.0945256352676 184.0830363983018 1 0.388882393442197
771.5236442668164 409.5793671602205 1 0.388882393442197
829.2321168703378 65.30113744891285 1 0.388882393442197
460.32722704672426 226.3145727374668 1 0.388882393442197
864.1912256051139 390.6550871766261 1 0.388882393442197
643.3444870264277 114.30196648183188 1 0.388882393442197
37.07101726823336 566.2841039492685 1 0.388882393442197
988.9779429340099 460.36563554248755 1 0.388882393442197
856.8767931516106 992.719704697015 1 0.388882393442197
575.2851062140439 66.40338157345171 1 0.388882393442197
481.5412502761787 601.9842242222004 1 0.388882393442197
