25.51 144.58 1 0.388882393442197
31.23 197.59 1 0.388882393442197
31.83 65.74 1 0.388882393442197
14.71 4.27 1 0.388882393442197
68.89 82.64 1 0.388882393442197
72.58 196.27 1 0.388882393442197
52.45 163.12 1 0.388882393442197
184.42 114.93 1 0.388882393442197
189.79 52.65 1 0.388882393442197
199.69 26.0 1 0.388882393442197
179.59 90.94 1 0.388882393442197
55.81 117.64 1 0.388882393442197
151.05 46.87 1 0.388882393442197
87.27 47.72 1 0.388882393442197
42.21 29.57 1 0.388882393442197
126.5 109.3 1 0.388882393442197
100.63 72.34 1 0.388882393442197
10.94 184.86 1 0.388882393442197
182.09 178.62 1 0.388882393442197
175.74 198.03 1 0.388882393442197
128.09 26.59 1 0.388882393442197
148.17 79.02 1 0.388882393442197
89.04 38.58 1 0.388882393442197
151.87 122.7 1 0.388882393442197
185.19 151.77 1 0.388882393442197
4.42 39.74 1 0.388882393442197
115.56 168.96 1 0.388882393442197
155.99 23.4 1 0.388882393442197
97.55 12.84 1 0.388882393442197
97.82 5.79 1 0.388882393442197
3.18 41.95 1 0.388882393442197
189.91 79.3 1 0.388882393442197
74.87 113.27 1 0.388882393442197
46.95 129.38 1 0.388882393442197
164.38 99.36 1 0.388882393442197
105.98 70.89 1 0.388882393442197
88.03 122.05 1 0.388882393442197
170.95 50.93 1 0.388882393442197
161.29 11.79 1 0.388882393442197
174.37 193.34 1 0.388882393442197
174.63 85.52 1 0.388882393442197
88.0 51.58 1 0.388882393442197
70.74 140.85 1 0.388882393442197
66.09 29.33 1 0.388882393442197
51.78 85.78 1 0.388882393442197
182.75 74.85 1 0.388882393442197
192.14 118.81 1 0.388882393442197
152.85 93.88 1 0.388882393442197
88.74 89.45 1 0.388882393442197
189.56 139.77 1 0.388882393442197
198.25 196.12 1 0.388882393442197
7.17 25.85 1 0.388882393442197
188.81 9.91 1 0.388882393442197
157.64 112.25 1 0.388882393442197
195.3 87.15 1 0.388882393442197
170.11 21.2 1 0.388882393442197
177.83 85.25 1 0.388882393442197
37.1 3.8 1 0.388882393442197
139.59 192.0 1 0.388882393442197
7.85 107.59 1 0.388882393442197
127.81 169.11 1 0.388882393442197
139.76 146.24 1 0.388882393442197
89.76 114.66 1 0.388882393442197
53.1 39.83 1 0.388882393442197
170.44 36.86 1 0.388882393442197
47.9 140.87 1 0.388882393442197
178.18 153.39 1 0.388882393442197
155.51 154.66 1 0.388882393442197
169.13 138.88 1 0.388882393442197
8.82 19.81 1 0.388882393442197
39.76 192.46 1 0.388882393442197
43.32 188.33 1 0.388882393442197
105.68 17.92 1 0.388882393442197
133.09 150.74 1 0.388882393442197
104.92 21.34 1 0.388882393442197
84.95 174.89 1 0.388882393442197
24.81 27.46 1 0.388882393442197
80.87 139.77 1 0.388882393442197
189.75 184.51 1 0.388882393442197
176.52 154.6 1 0.388882393442197
148.96 170.94 1 0.388882393442197
156.75 66.4 1 0.388882393442197
79.45 131.33 1 0.388882393442197
88.57 1.37 1 0.388882393442197
199.57 156.98 1 0.388882393442197
102.15 42.23 1 0.388882393442197
160.61 20.55 1 0.388882393442197
42.18 186.26 1 0.388882393442197
87.07 4.1 1 0.388882393442197
87.48 180.9 1 0.388882393442197
19.61 198.0 1 0.388882393442197
160.46 137.96 1 0.388882393442197
110.71 181.88 1 0.388882393442197
5.26 173.8 1 0.388882393442197
4.95 45.07 1 0.388882393442197
75.55 41.45 1 0.388882393442197
56.8 174.0 1 0.388882393442197
7.38 10.66 1 0.388882393442197
45.72 85.78 1 0.388882393442197
1.52 139.61 1 0.388882393442197
100.82 0.99 1 0.388882393442197
162.16 115.56 1 0.388882393442197
128.68 102.95 1 0.388882393442197
163.75 100.17 1 0.388882393442197
18.72 162.3 1 0.388882393442197
21.79 168.62 1 0.388882393442197
198.14 114.77 1 0.388882393442197
145.77 96.2 1 0.388882393442197
34.16 76.64 1 0.388882393442197
106.39 66.14 1 0.388882393442197
36.3 194.43 1 0.388882393442197
68.12 51.46 1 0.388882393442197
198.89 71.01 1 0.388882393442197
197.28 15.63 1 0.388882393442197
164.42 25.8 1 0.388882393442197
29.82 151.16 1 0.388882393442197
196.34 21.19 1 0.388882393442197
169.19 196.35 1 0.388882393442197
112.55 193.01 1 0.388882393442197
122.63 86.61 1 0.388882393442197
121.63 109.99 1 0.388882393442197
89.8 33.97 1 0.388882393442197
33.13 148.38 1 0.388882393442197
120.86 183.35 1 0.388882393442197
71.89 27.6 1 0.388882393442197
34.1 36.69 1 0.388882393442197
30.04 29.97 1 0.388882393442197
68.5 18.78 1 0.388882393442197
113.08 195.78 1 0.388882393442197
8.24 133.5 1 0.388882393442197
15.65 75.08 1 0.388882393442197
52.26 79.8 1 0.388882393442197
49.06 115.93 1 0.388882393442197
167.98 64.88 1 0.388882393442197
72.77 71.14 1 0.388882393442197
151.44 184.32 1 0.388882393442197
99.5 56.54 1 0.388882393442197
32.54 193.84 1 0.388882393442197
120.17 45.89 1 0.388882393442197
117.11 52.02 1 0.388882393442197
143.74 149.06 1 0.388882393442197
147.27 132.03 1 0.388882393442197
154.36 187.24 1 0.388882393442197
52.78 140.48 1 0.388882393442197
43.05 142.8 1 0.388882393442197
172.7 64.67 1 0.388882393442197
62.13 122.81 1 0.388882393442197
64.55 73.16 1 0.388882393442197
156.39 170.61 1 0.388882393442197
103.3 138.73 1 0.388882393442197
101.22 160.71 1 0.388882393442197
130.27 71.1 1 0.388882393442197
173.4 143.07 1 0.388882393442197
31.07 66.03 1 0.388882393442197
85.7 1.98 1 0.388882393442197
94.11 70.91 1 0.388882393442197
50.76 16.57 1 0.388882393442197
11.46 3.84 1 0.388882393442197
32.34 82.23 1 0.388882393442197
98.29 36.1 1 0.388882393442197
107.3 65.36 1 0.388882393442197
40.31 46.73 1 0.388882393442197
127.57 189.39 1 0.388882393442197
70.39 80.65 1 0.388882393442197
110.93 44.85 1 0.388882393442197
129.37 73.0 1 0.388882393442197
138.59 36.16 1 0.388882393442197
145.94 138.52 1 0.388882393442197
25.28 13.03 1 0.388882393442197
83.78 196.39 1 0.388882393442197
192.52 161.01 1 0.388882393442197
187.52 18.14 1 0.388882393442197
114.09 112.07 1 0.388882393442197
33.29 193.88 1 0.388882393442197
16.07 140.69 1 0.388882393442197
19.6 178.87 1 0.388882393442197
116.55 125.97 1 0.388882393442197
81.02 7.6 1 0.388882393442197
136.36 76.36 1 0.388882393442197
5.46 34.04 1 0.388882393442197
75.62 70.56 1 0.388882393442197
89.26 184.1 1 0.388882393442197
192.98 163.91 1 0.388882393442197
2.42 46.83 1 0.388882393442197
7.27 56.15 1 0.388882393442197
21.96 96.9 1 0.388882393442197
74.55 118.03 1 0.388882393442197
75.93 134.47 1 0.388882393442197
119.18 95.59 1 0.388882393442197
157.37 118.63 1 0.388882393442197
53.58 11.98 1 0.388882393442197
39.93 143.39 1 0.388882393442197
171.56 197.14 1 0.388882393442197
186.61 125.09 1 0.388882393442197
143.86 7.48 1 0.388882393442197
70.33 30.67 1 0.388882393442197
108.83 118.34 1 0.388882393442197
122.49 166.61 1 0.388882393442197
146.38 13.52 1 0.388882393442197
12.17 17.99 1 0.388882393442197
