25 25 1 0.388882393442197
25 75 1 0.388882393442197
25 125 1 0.388882393442197
25 175 1 0.388882393442197
25 225 1 0.388882393442197
25 275 1 0.388882393442197
25 325 1 0.388882393442197
25 375 1 0.388882393442197
25 425 1 0.388882393442197
25 475 1 0.388882393442197
25 525 1 0.388882393442197
25 575 1 0.388882393442197
25 625 1 0.388882393442197
25 675 1 0.388882393442197
25 725 1 0.388882393442197
25 775 1 0.388882393442197
25 825 1 0.388882393442197
25 875 1 0.388882393442197
25 925 1 0.388882393442197
25 975 1 0.388882393442197
75 25 1 0.388882393442197
75 75 1 0.388882393442197
75 125 1 0.388882393442197
75 175 1 0.388882393442197
75 225 1 0.388882393442197
75 275 1 0.388882393442197
75 325 1 0.388882393442197
75 375 1 0.388882393442197
75 425 1 0.388882393442197
75 475 1 0.388882393442197
75 525 1 0.388882393442197
75 575 1 0.388882393442197
75 625 1 0.388882393442197
75 675 1 0.388882393442197
75 725 1 0.388882393442197
75 775 1 0.388882393442197
75 825 1 0.388882393442197
75 875 1 0.388882393442197
75 925 1 0.388882393442197
75 975 1 0.388882393442197
125 25 1 0.388882393442197
125 75 1 0.388882393442197
125 125 1 0.388882393442197
125 175 1 0.388882393442197
125 225 1 0.388882393442197
125 275 1 0.388882393442197
125 325 1 0.388882393442197
125 375 1 0.388882393442197
125 425 1 0.388882393442197
125 475 1 0.388882393442197
125 525 1 0.388882393442197
125 575 1 0.388882393442197
125 625 1 0.388882393442197
125 675 1 0.388882393442197
125 725 1 0.388882393442197
125 775 1 0.388882393442197
125 825 1 0.388882393442197
125 875 1 0.388882393442197
125 925 1 0.388882393442197
125 975 1 0.388882393442197
175 25 1 0.388882393442197
175 75 1 0.388882393442197
175 125 1 0.388882393442197
175 175 1 0.388882393442197
175 225 1 0.388882393442197
175 275 1 0.388882393442197
175 325 1 0.388882393442197
175 375 1 0.388882393442197
175 425 1 0.388882393442197
175 475 1 0.388882393442197
175 525 1 0.388882393442197
175 575 1 0.388882393442197
175 625 1 0.388882393442197
175 675 1 0.388882393442197
175 725 1 0.388882393442197
175 775 1 0.388882393442197
175 825 1 0.388882393442197
175 875 1 0.388882393442197
175 925 1 0.388882393442197
175 975 1 0.388882393442197
225 25 1 0.388882393442197
225 75 1 0.388882393442197
225 125 1 0.388882393442197
225 175 1 0.388882393442197
225 225 1 0.388882393442197
225 275 1 0.388882393442197
225 325 1 0.388882393442197
225 375 1 0.388882393442197
225 425 1 0.388882393442197
225 475 1 0.388882393442197
225 525 1 0.388882393442197
225 575 1 0.388882393442197
225 625 1 0.388882393442197
225 675 1 0.388882393442197
225 725 1 0.388882393442197
225 775 1 0.388882393442197
225 825 1 0.388882393442197
225 875 1 0.388882393442197
225 925 1 0.388882393442197
225 975 1 0.388882393442197
275 25 1 0.388882393442197
275 75 1 0.388882393442197
275 125 1 0.388882393442197
275 175 1 0.388882393442197
275 225 1 0.388882393442197
275 275 1 0.388882393442197
275 325 1 0.388882393442197
275 375 1 0.388882393442197
275 425 1 0.388882393442197
275 475 1 0.388882393442197
275 525 1 0.388882393442197
275 575 1 0.388882393442197
275 625 1 0.388882393442197
275 675 1 0.388882393442197
275 725 1 0.388882393442197
275 775 1 0.388882393442197
275 825 1 0.388882393442197
275 875 1 0.388882393442197
275 925 1 0.388882393442197
275 975 1 0.388882393442197
325 25 1 0.388882393442197
325 75 1 0.388882393442197
325 125 1 0.388882393442197
325 175 1 0.388882393442197
325 225 1 0.388882393442197
325 275 1 0.388882393442197
325 325 1 0.388882393442197
325 375 1 0.388882393442197
325 425 1 0.388882393442197
325 475 1 0.388882393442197
325 525 1 0.388882393442197
325 575 1 0.388882393442197
325 625 1 0.388882393442197
325 675 1 0.388882393442197
325 725 1 0.388882393442197
325 775 1 0.388882393442197
325 825 1 0.388882393442197
325 875 1 0.388882393442197
325 925 1 0.388882393442197
325 975 1 0.388882393442197
375 25 1 0.388882393442197
375 75 1 0.388882393442197
375 125 1 0.388882393442197
375 175 1 0.388882393442197
375 225 1 0.388882393442197
375 275 1 0.388882393442197
375 325 1 0.388882393442197
375 375 1 0.388882393442197
375 425 1 0.388882393442197
375 475 1 0.388882393442197
375 525 1 0.388882393442197
375 575 1 0.388882393442197
375 625 1 0.388882393442197
375 675 1 0.388882393442197
375 725 1 0.388882393442197
375 775 1 0.388882393442197
375 825 1 0.388882393442197
375 875 1 0.388882393442197
375 925 1 0.388882393442197
375 975 1 0.388882393442197
425 25 1 0.388882393442197
425 75 1 0.388882393442197
425 125 1 0.388882393442197
425 175 1 0.388882393442197
425 225 1 0.388882393442197
425 275 1 0.388882393442197
425 325 1 0.388882393442197
425 375 1 0.388882393442197
425 425 1 0.388882393442197
425 475 1 0.388882393442197
425 525 1 0.388882393442197
425 575 1 0.388882393442197
425 625 1 0.388882393442197
425 675 1 0.388882393442197
425 725 1 0.388882393442197
425 775 1 0.388882393442197
425 825 1 0.388882393442197
425 875 1 0.388882393442197
425 925 1 0.388882393442197
425 975 1 0.388882393442197
475 25 1 0.388882393442197
475 75 1 0.388882393442197
475 125 1 0.388882393442197
475 175 1 0.388882393442197
475 225 1 0.388882393442197
475 275 1 0.388882393442197
475 325 1 0.388882393442197
475 375 1 0.388882393442197
475 425 1 0.388882393442197
475 475 1 0.388882393442197
475 525 1 0.388882393442197
475 575 1 0.388882393442197
475 625 1 0.388882393442197
475 675 1 0.388882393442197
475 725 1 0.388882393442197
475 775 1 0.388882393442197
475 825 1 0.388882393442197
475 875 1 0.388882393442197
475 925 1 0.388882393442197
475 975 1 0.388882393442197
525 25 1 0.388882393442197
525 75 1 0.388882393442197
525 125 1 0.388882393442197
525 175 1 0.388882393442197
525 225 1 0.388882393442197
525 275 1 0.388882393442197
525 325 1 0.388882393442197
525 375 1 0.388882393442197
525 425 1 0.388882393442197
525 475 1 0.388882393442197
525 525 1 0.388882393442197
525 575 1 0.388882393442197
525 625 1 0.388882393442197
525 675 1 0.388882393442197
525 725 1 0.388882393442197
525 775 1 0.388882393442197
525 825 1 0.388882393442197
525 875 1 0.388882393442197
525 925 1 0.388882393442197
525 975 1 0.388882393442197
575 25 1 0.388882393442197
575 75 1 0.388882393442197
575 125 1 0.388882393442197
575 175 1 0.388882393442197
575 225 1 0.388882393442197
575 275 1 0.388882393442197
575 325 1 0.388882393442197
575 375 1 0.388882393442197
575 425 1 0.388882393442197
575 475 1 0.388882393442197
575 525 1 0.388882393442197
575 575 1 0.388882393442197
575 625 1 0.388882393442197
575 675 1 0.388882393442197
575 725 1 0.388882393442197
575 775 1 0.388882393442197
575 825 1 0.388882393442197
575 875 1 0.388882393442197
575 925 1 0.388882393442197
575 975 1 0.388882393442197
625 25 1 0.388882393442197
625 75 1 0.388882393442197
625 125 1 0.388882393442197
625 175 1 0.388882393442197
625 225 1 0.388882393442197
625 275 1 0.388882393442197
625 325 1 0.388882393442197
625 375 1 0.388882393442197
625 425 1 0.388882393442197
625 475 1 0.388882393442197
625 525 1 0.388882393442197
625 575 1 0.388882393442197
625 625 1 0.388882393442197
625 675 1 0.388882393442197
625 725 1 0.388882393442197
625 775 1 0.388882393442197
625 825 1 0.388882393442197
625 875 1 0.388882393442197
625 925 1 0.388882393442197
625 975 1 0.388882393442197
675 25 1 0.388882393442197
675 75 1 0.388882393442197
675 125 1 0.388882393442197
675 175 1 0.388882393442197
675 225 1 0.388882393442197
675 275 1 0.388882393442197
675 325 1 0.388882393442197
675 375 1 0.388882393442197
675 425 1 0.388882393442197
675 475 1 0.388882393442197
675 525 1 0.388882393442197
675 575 1 0.388882393442197
675 625 1 0.388882393442197
675 675 1 0.388882393442197
675 725 1 0.388882393442197
675 775 1 0.388882393442197
675 825 1 0.388882393442197
675 875 1 0.388882393442197
675 925 1 0.388882393442197
675 975 1 0.388882393442197
725 25 1 0.388882393442197
725 75 1 0.388882393442197
725 125 1 0.388882393442197
725 175 1 0.388882393442197
725 225 1 0.388882393442197
725 275 1 0.388882393442197
725 325 1 0.388882393442197
725 375 1 0.388882393442197
725 425 1 0.388882393442197
725 475 1 0.388882393442197
725 525 1 0.388882393442197
725 575 1 0.388882393442197
725 625 1 0.388882393442197
725 675 1 0.388882393442197
725 725 1 0.388882393442197
725 775 1 0.388882393442197
725 825 1 0.388882393442197
725 875 1 0.388882393442197
725 925 1 0.388882393442197
725 975 1 0.388882393442197
775 25 1 0.388882393442197
775 75 1 0.388882393442197
775 125 1 0.388882393442197
775 175 1 0.388882393442197
775 225 1 0.388882393442197
775 275 1 0.388882393442197
775 325 1 0.388882393442197
775 375 1 0.388882393442197
775 425 1 0.388882393442197
775 475 1 0.388882393442197
775 525 1 0.388882393442197
775 575 1 0.388882393442197
775 625 1 0.388882393442197
775 675 1 0.388882393442197
775 725 1 0.388882393442197
775 775 1 0.388882393442197
775 825 1 0.388882393442197
775 875 1 0.388882393442197
775 925 1 0.388882393442197
775 975 1 0.388882393442197
825 25 1 0.388882393442197
825 75 1 0.388882393442197
825 125 1 0.388882393442197
825 175 1 0.388882393442197
825 225 1 0.388882393442197
825 275 1 0.388882393442197
825 325 1 0.388882393442197
825 375 1 0.388882393442197
825 425 1 0.388882393442197
825 475 1 0.388882393442197
825 525 1 0.388882393442197
825 575 1 0.388882393442197
825 625 1 0.388882393442197
825 675 1 0.388882393442197
825 725 1 0.388882393442197
825 775 1 0.388882393442197
825 825 1 0.388882393442197
825 875 1 0.388882393442197
825 925 1 0.388882393442197
825 975 1 0.388882393442197
875 25 1 0.388882393442197
875 75 1 0.388882393442197
875 125 1 0.388882393442197
875 175 1 0.388882393442197
875 225 1 0.388882393442197
875 275 1 0.388882393442197
875 325 1 0.388882393442197
875 375 1 0.388882393442197
875 425 1 0.388882393442197
875 475 1 0.388882393442197
875 525 1 0.388882393442197
875 575 1 0.388882393442197
875 625 1 0.388882393442197
875 675 1 0.388882393442197
875 725 1 0.388882393442197
875 775 1 0.388882393442197
875 825 1 0.388882393442197
875 875 1 0.388882393442197
875 925 1 0.388882393442197
875 975 1 0.388882393442197
925 25 1 0.388882393442197
925 75 1 0.388882393442197
925 125 1 0.388882393442197
925 175 1 0.388882393442197
925 225 1 0.388882393442197
925 275 1 0.388882393442197
925 325 1 0.388882393442197
925 375 1 0.388882393442197
925 425 1 0.388882393442197
925 475 1 0.388882393442197
925 525 1 0.388882393442197
925 575 1 0.388882393442197
925 625 1 0.388882393442197
925 675 1 0.388882393442197
925 725 1 0.388882393442197
925 775 1 0.388882393442197
925 825 1 0.388882393442197
925 875 1 0.388882393442197
925 925 1 0.388882393442197
925 975 1 0.388882393442197
975 25 1 0.388882393442197
975 75 1 0.388882393442197
975 125 1 0.388882393442197
975 175 1 0.388882393442197
975 225 1 0.388882393442197
975 275 1 0.388882393442197
975 325 1 0.388882393442197
975 375 1 0.388882393442197
975 425 1 0.388882393442197
975 475 1 0.388882393442197
975 525 1 0.388882393442197
975 575 1 0.388882393442197
975 625 1 0.388882393442197
975 675 1 0.388882393442197
975 725 1 0.388882393442197
975 775 1 0.388882393442197
975 825 1 0.388882393442197
975 875 1 0.388882393442197
975 925 1 0.388882393442197
975 975 1 0.388882393442197
