486 994 1 0.388882393442197
956 268 1 0.388882393442197
400 111 1 0.388882393442197
101 786 1 0.388882393442197
0 168 1 0.388882393442197
874 491 1 0.388882393442197
772 183 1 0.388882393442197
439 473 1 0.388882393442197
566 896 1 0.388882393442197
583 729 1 0.388882393442197
694 635 1 0.388882393442197
611 90 1 0.388882393442197
670 431 1 0.388882393442197
175 30 1 0.388882393442197
894 259 1 0.388882393442197
934 740 1 0.388882393442197
703 506 1 0.388882393442197
280 246 1 0.388882393442197
360 123 1 0.388882393442197
171 280 1 0.388882393442197
296 175 1 0.388882393442197
527 926 1 0.388882393442197
815 318 1 0.388882393442197
555 182 1 0.388882393442197
511 759 1 0.388882393442197
683 274 1 0.388882393442197
773 148 1 0.388882393442197
780 864 1 0.388882393442197
612 127 1 0.388882393442197
629 926 1 0.388882393442197
321 582 1 0.388882393442197
597 674 1 0.388882393442197
288 383 1 0.388882393442197
565 760 1 0.388882393442197
262 760 1 0.388882393442197
458 555 1 0.388882393442197
257 116 1 0.388882393442197
304 643 1 0.388882393442197
391 73 1 0.388882393442197
297 530 1 0.388882393442197
612 56 1 0.388882393442197
608 970 1 0.388882393442197
5 385 1 0.388882393442197
3 83 1 0.388882393442197
51 291 1 0.388882393442197
707 443 1 0.388882393442197
105 683 1 0.388882393442197
339 209 1 0.388882393442197
91 191 1 0.388882393442197
903 352 1 0.388882393442197
281 433 1 0.388882393442197
480 405 1 0.388882393442197
170 339 1 0.388882393442197
832 183 1 0.388882393442197
459 240 1 0.388882393442197
443 785 1 0.388882393442197
828 845 1 0.388882393442197
361 165 1 0.388882393442197
48 282 1 0.388882393442197
35 918 1 0.388882393442197
431 490 1 0.388882393442197
868 360 1 0.388882393442197
817 12 1 0.388882393442197
442 992 1 0.388882393442197
914 608 1 0.388882393442197
577 42 1 0.388882393442197
824 83 1 0.388882393442197
322 478 1 0.388882393442197
160 776 1 0.388882393442197
955 821 1 0.388882393442197
700 525 1 0.388882393442197
862 363 1 0.388882393442197
219 382 1 0.388882393442197
205 447 1 0.388882393442197
754 157 1 0.388882393442197
462 357 1 0.388882393442197
766 148 1 0.388882393442197
624 421 1 0.388882393442197
489 990 1 0.388882393442197
104 974 1 0.388882393442197
702 836 1 0.388882393442197
72 244 1 0.388882393442197
377 782 1 0.388882393442197
558 106 1 0.388882393442197
3 865 1 0.388882393442197
605 365 1 0.388882393442197
696 882 1 0.388882393442197
666 626 1 0.388882393442197
548 906 1 0.388882393442197
415 659 1 0.388882393442197
568 210 1 0.388882393442197
517 806 1 0.388882393442197
191 346 1 0.388882393442197
74 179 1 0.388882393442197
512 919 1 0.388882393442197
458 499 1 0.388882393442197
759 417 1 0.388882393442197
590 537 1 0.388882393442197
964 795 1 0.388882393442197
16 657 1 0.388882393442197
147 631 1 0.388882393442197
549 922 1 0.388882393442197
456 92 1 0.388882393442197
487 511 1 0.388882393442197
202 684 1 0.388882393442197
275 447 1 0.388882393442197
578 89 1 0.388882393442197
315 489 1 0.388882393442197
758 353 1 0.388882393442197
771 994 1 0.388882393442197
772 114 1 0.388882393442197
929 140 1 0.388882393442197
752 834 1 0.388882393442197
730 912 1 0.388882393442197
379 1 1 0.388882393442197
325 388 1 0.388882393442197
865 734 1 0.388882393442197
943 450 1 0.388882393442197
756 444 1 0.388882393442197
16 332 1 0.388882393442197
846 640 1 0.388882393442197
859 607 1 0.388882393442197
206 601 1 0.388882393442197
298 389 1 0.388882393442197
272 296 1 0.388882393442197
122 392 1 0.388882393442197
309 849 1 0.388882393442197
708 458 1 0.388882393442197
355 413 1 0.388882393442197
150 259 1 0.388882393442197
418 621 1 0.388882393442197
210 703 1 0.388882393442197
84 804 1 0.388882393442197
208 888 1 0.388882393442197
724 451 1 0.388882393442197
967 11 1 0.388882393442197
686 513 1 0.388882393442197
284 334 1 0.388882393442197
552 220 1 0.388882393442197
953 971 1 0.388882393442197
405 706 1 0.388882393442197
623 708 1 0.388882393442197
104 0 1 0.388882393442197
605 34 1 0.388882393442197
127 247 1 0.388882393442197
586 51 1 0.388882393442197
287 146 1 0.388882393442197
973 558 1 0.388882393442197
626 84 1 0.388882393442197
757 707 1 0.388882393442197
372 481 1 0.388882393442197
491 115 1 0.388882393442197
197 269 1 0.388882393442197
891 876 1 0.388882393442197
230 187 1 0.388882393442197
429 532 1 0.388882393442197
743 521 1 0.388882393442197
547 948 1 0.388882393442197
809 173 1 0.388882393442197
495 739 1 0.388882393442197
625 350 1 0.388882393442197
125 988 1 0.388882393442197
901 544 1 0.388882393442197
704 824 1 0.388882393442197
152 875 1 0.388882393442197
152 280 1 0.388882393442197
901 972 1 0.388882393442197
652 216 1 0.388882393442197
639 757 1 0.388882393442197
64 205 1 0.388882393442197
75 932 1 0.388882393442197
725 799 1 0.388882393442197
956 800 1 0.388882393442197
564 932 1 0.388882393442197
210 901 1 0.388882393442197
58 656 1 0.388882393442197
462 883 1 0.388882393442197
550 240 1 0.388882393442197
630 14 1 0.388882393442197
594 774 1 0.388882393442197
307 246 1 0.388882393442197
195 582 1 0.388882393442197
569 346 1 0.388882393442197
92 173 1 0.388882393442197
731 437 1 0.388882393442197
549 215 1 0.388882393442197
561 730 1 0.388882393442197
227 129 1 0.388882393442197
481 370 1 0.388882393442197
991 853 1 0.388882393442197
402 77 1 0.388882393442197
691 42 1 0.388882393442197
336 299 1 0.388882393442197
973 388 1 0.388882393442197
206 406 1 0.388882393442197
406 54 1 0.388882393442197
176 509 1 0.388882393442197
156 54 1 0.388882393442197
263 387 1 0.388882393442197
52 579 1 0.388882393442197
771 315 1 0.388882393442197
977 794 1 0.388882393442197
552 741 1 0.388882393442197
842 281 1 0.388882393442197
958 730 1 0.388882393442197
247 253 1 0.388882393442197
868 408 1 0.388882393442197
649 490 1 0.388882393442197
676 491 1 0.388882393442197
54 187 1 0.388882393442197
190 178 1 0.388882393442197
626 24 1 0.388882393442197
869 773 1 0.388882393442197
842 212 1 0.388882393442197
171 26 1 0.388882393442197
466 17 1 0.388882393442197
600 464 1 0.388882393442197
923 116 1 0.388882393442197
288 186 1 0.388882393442197
891 835 1 0.388882393442197
905 775 1 0.388882393442197
191 948 1 0.388882393442197
169 248 1 0.388882393442197
622 19 1 0.388882393442197
62 433 1 0.388882393442197
812 467 1 0.388882393442197
971 900 1 0.388882393442197
320 667 1 0.388882393442197
690 493 1 0.388882393442197
162 66 1 0.388882393442197
276 40 1 0.388882393442197
973 470 1 0.388882393442197
715 293 1 0.388882393442197
417 673 1 0.388882393442197
595 68 1 0.388882393442197
346 618 1 0.388882393442197
230 889 1 0.388882393442197
831 273 1 0.388882393442197
97 508 1 0.388882393442197
445 774 1 0.388882393442197
172 981 1 0.388882393442197
945 878 1 0.388882393442197
607 445 1 0.388882393442197
112 905 1 0.388882393442197
849 896 1 0.388882393442197
545 929 1 0.388882393442197
491 214 1 0.388882393442197
753 885 1 0.388882393442197
593 537 1 0.388882393442197
921 473 1 0.388882393442197
964 393 1 0.388882393442197
793 988 1 0.388882393442197
731 485 1 0.388882393442197
703 488 1 0.388882393442197
998 85 1 0.388882393442197
271 839 1 0.388882393442197
650 537 1 0.388882393442197
897 191 1 0.388882393442197
179 703 1 0.388882393442197
100 127 1 0.388882393442197
103 887 1 0.388882393442197
217 566 1 0.388882393442197
479 89 1 0.388882393442197
261 257 1 0.388882393442197
22 303 1 0.388882393442197
792 464 1 0.388882393442197
244 950 1 0.388882393442197
814 301 1 0.388882393442197
451 125 1 0.388882393442197
681 195 1 0.388882393442197
814 76 1 0.388882393442197
136 871 1 0.388882393442197
976 10 1 0.388882393442197
848 908 1 0.388882393442197
788 465 1 0.388882393442197
999 162 1 0.388882393442197
64 108 1 0.388882393442197
870 675 1 0.388882393442197
60 713 1 0.388882393442197
682 766 1 0.388882393442197
545 671 1 0.388882393442197
289 241 1 0.388882393442197
944 687 1 0.388882393442197
718 342 1 0.388882393442197
18 389 1 0.388882393442197
942 812 1 0.388882393442197
907 430 1 0.388882393442197
593 683 1 0.388882393442197
81 468 1 0.388882393442197
314 406 1 0.388882393442197
760 490 1 0.388882393442197
814 705 1 0.388882393442197
346 726 1 0.388882393442197
421 868 1 0.388882393442197
588 258 1 0.388882393442197
248 223 1 0.388882393442197
713 649 1 0.388882393442197
76 454 1 0.388882393442197
772 567 1 0.388882393442197
342 933 1 0.388882393442197
293 484 1 0.388882393442197
884 406 1 0.388882393442197
94 870 1 0.388882393442197
832 887 1 0.388882393442197
149 887 1 0.388882393442197
832 959 1 0.388882393442197
986 513 1 0.388882393442197
106 525 1 0.388882393442197
960 380 1 0.388882393442197
942 522 1 0.388882393442197
444 851 1 0.388882393442197
272 363 1 0.388882393442197
60 922 1 0.388882393442197
222 324 1 0.388882393442197
468 934 1 0.388882393442197
777 479 1 0.388882393442197
74 354 1 0.388882393442197
949 55 1 0.388882393442197
895 483 1 0.388882393442197
488 140 1 0.388882393442197
825 655 1 0.388882393442197
762 336 1 0.388882393442197
407 161 1 0.388882393442197
723 664 1 0.388882393442197
368 960 1 0.388882393442197
693 189 1 0.388882393442197
48 339 1 0.388882393442197
675 535 1 0.388882393442197
71 729 1 0.388882393442197
676 709 1 0.388882393442197
260 769 1 0.388882393442197
439 131 1 0.388882393442197
507 759 1 0.388882393442197
472 81 1 0.388882393442197
677 994 1 0.388882393442197
645 732 1 0.388882393442197
32 766 1 0.388882393442197
307 658 1 0.388882393442197
723 227 1 0.388882393442197
909 263 1 0.388882393442197
271 66 1 0.388882393442197
165 112 1 0.388882393442197
517 424 1 0.388882393442197
207 366 1 0.388882393442197
239 108 1 0.388882393442197
199 512 1 0.388882393442197
42 935 1 0.388882393442197
750 76 1 0.388882393442197
422 854 1 0.388882393442197
890 879 1 0.388882393442197
133 522 1 0.388882393442197
460 838 1 0.388882393442197
157 171 1 0.388882393442197
620 967 1 0.388882393442197
681 796 1 0.388882393442197
267 584 1 0.388882393442197
538 434 1 0.388882393442197
696 251 1 0.388882393442197
899 721 1 0.388882393442197
360 400 1 0.388882393442197
968 299 1 0.388882393442197
925 514 1 0.388882393442197
886 970 1 0.388882393442197
141 543 1 0.388882393442197
518 108 1 0.388882393442197
616 821 1 0.388882393442197
471 427 1 0.388882393442197
884 241 1 0.388882393442197
909 670 1 0.388882393442197
842 374 1 0.388882393442197
185 694 1 0.388882393442197
828 210 1 0.388882393442197
154 480 1 0.388882393442197
802 491 1 0.388882393442197
385 954 1 0.388882393442197
439 790 1 0.388882393442197
903 426 1 0.388882393442197
997 53 1 0.388882393442197
939 212 1 0.388882393442197
646 489 1 0.388882393442197
14 15 1 0.388882393442197
338 242 1 0.388882393442197
194 169 1 0.388882393442197
933 720 1 0.388882393442197
28 406 1 0.388882393442197
661 811 1 0.388882393442197
547 496 1 0.388882393442197
36 970 1 0.388882393442197
107 857 1 0.388882393442197
953 98 1 0.388882393442197
81 979 1 0.388882393442197
536 304 1 0.388882393442197
972 40 1 0.388882393442197
181 345 1 0.388882393442197
33 532 1 0.388882393442197
97 685 1 0.388882393442197
1 198 1 0.388882393442197
674 674 1 0.388882393442197
433 249 1 0.388882393442197
352 324 1 0.388882393442197
502 4 1 0.388882393442197
173 151 1 0.388882393442197
230 416 1 0.388882393442197
190 353 1 0.388882393442197
432 885 1 0.388882393442197
173 228 1 0.388882393442197
617 333 1 0.388882393442197
476 209 1 0.388882393442197
932 336 1 0.388882393442197
364 71 1 0.388882393442197
719 807 1 0.388882393442197
394 545 1 0.388882393442197
692 212 1 0.388882393442197
677 273 1 0.388882393442197
951 628 1 0.388882393442197
536 570 1 0.388882393442197
431 123 1 0.388882393442197
941 48 1 0.388882393442197
295 597 1 0.388882393442197
785 569 1 0.388882393442197
847 686 1 0.388882393442197
111 665 1 0.388882393442197
339 263 1 0.388882393442197
289 704 1 0.388882393442197
331 177 1 0.388882393442197
479 645 1 0.388882393442197
829 238 1 0.388882393442197
157 872 1 0.388882393442197
501 319 1 0.388882393442197
244 506 1 0.388882393442197
326 282 1 0.388882393442197
923 670 1 0.388882393442197
29 805 1 0.388882393442197
535 399 1 0.388882393442197
919 994 1 0.388882393442197
73 748 1 0.388882393442197
218 782 1 0.388882393442197
972 103 1 0.388882393442197
69 632 1 0.388882393442197
148 520 1 0.388882393442197
831 171 1 0.388882393442197
481 160 1 0.388882393442197
182 562 1 0.388882393442197
438 720 1 0.388882393442197
713 398 1 0.388882393442197
838 621 1 0.388882393442197
776 381 1 0.388882393442197
115 959 1 0.388882393442197
903 288 1 0.388882393442197
510 705 1 0.388882393442197
852 592 1 0.388882393442197
275 463 1 0.388882393442197
436 943 1 0.388882393442197
811 180 1 0.388882393442197
592 535 1 0.388882393442197
530 41 1 0.388882393442197
983 171 1 0.388882393442197
437 177 1 0.388882393442197
798 762 1 0.388882393442197
335 178 1 0.388882393442197
952 945 1 0.388882393442197
8 48 1 0.388882393442197
876 522 1 0.388882393442197
927 840 1 0.388882393442197
101 783 1 0.388882393442197
871 236 1 0.388882393442197
340 83 1 0.388882393442197
489 204 1 0.388882393442197
537 921 1 0.388882393442197
420 893 1 0.388882393442197
797 978 1 0.388882393442197
453 182 1 0.388882393442197
558 843 1 0.388882393442197
885 201 1 0.388882393442197
832 100 1 0.388882393442197
243 555 1 0.388882393442197
15 555 1 0.388882393442197
640 829 1 0.388882393442197
795 173 1 0.388882393442197
813 455 1 0.388882393442197
920 334 1 0.388882393442197
69 38 1 0.388882393442197
637 179 1 0.388882393442197
83 824 1 0.388882393442197
954 859 1 0.388882393442197
599 401 1 0.388882393442197
685 574 1 0.388882393442197
525 604 1 0.388882393442197
816 122 1 0.388882393442197
785 169 1 0.388882393442197
658 186 1 0.388882393442197
655 80 1 0.388882393442197
498 432 1 0.388882393442197
308 663 1 0.388882393442197
50 376 1 0.388882393442197
453 685 1 0.388882393442197
258 530 1 0.388882393442197
340 833 1 0.388882393442197
95 511 1 0.388882393442197
719 821 1 0.388882393442197
313 48 1 0.388882393442197
599 425 1 0.388882393442197
557 244 1 0.388882393442197
528 723 1 0.388882393442197
203 159 1 0.388882393442197
727 381 1 0.388882393442197
585 144 1 0.388882393442197
193 831 1 0.388882393442197
475 533 1 0.388882393442197
226 689 1 0.388882393442197
136 401 1 0.388882393442197
298 428 1 0.388882393442197
596 174 1 0.388882393442197
84 123 1 0.388882393442197
922 725 1 0.388882393442197
622 91 1 0.388882393442197
928 152 1 0.388882393442197
792 479 1 0.388882393442197
599 732 1 0.388882393442197
858 958 1 0.388882393442197
456 3 1 0.388882393442197
300 933 1 0.388882393442197
180 542 1 0.388882393442197
926 296 1 0.388882393442197
648 180 1 0.388882393442197
436 944 1 0.388882393442197
767 774 1 0.388882393442197
331 193 1 0.388882393442197
776 197 1 0.388882393442197
32 128 1 0.388882393442197
554 650 1 0.388882393442197
239 616 1 0.388882393442197
77 269 1 0.388882393442197
486 184 1 0.388882393442197
724 136 1 0.388882393442197
765 284 1 0.388882393442197
901 896 1 0.388882393442197
890 725 1 0.388882393442197
215 61 1 0.388882393442197
472 587 1 0.388882393442197
318 20 1 0.388882393442197
180 133 1 0.388882393442197
163 982 1 0.388882393442197
559 997 1 0.388882393442197
999 72 1 0.388882393442197
878 913 1 0.388882393442197
546 595 1 0.388882393442197
889 239 1 0.388882393442197
194 331 1 0.388882393442197
205 534 1 0.388882393442197
855 646 1 0.388882393442197
330 107 1 0.388882393442197
282 631 1 0.388882393442197
583 169 1 0.388882393442197
917 941 1 0.388882393442197
333 995 1 0.388882393442197
158 506 1 0.388882393442197
854 726 1 0.388882393442197
665 619 1 0.388882393442197
664 529 1 0.388882393442197
256 805 1 0.388882393442197
695 528 1 0.388882393442197
844 302 1 0.388882393442197
702 222 1 0.388882393442197
907 788 1 0.388882393442197
574 53 1 0.388882393442197
504 33 1 0.388882393442197
617 302 1 0.388882393442197
554 96 1 0.388882393442197
643 578 1 0.388882393442197
375 795 1 0.388882393442197
508 383 1 0.388882393442197
5 804 1 0.388882393442197
391 256 1 0.388882393442197
30 755 1 0.388882393442197
83 238 1 0.388882393442197
280 975 1 0.388882393442197
284 575 1 0.388882393442197
706 931 1 0.388882393442197
973 347 1 0.388882393442197
93 639 1 0.388882393442197
639 420 1 0.388882393442197
294 569 1 0.388882393442197
812 306 1 0.388882393442197
824 379 1 0.388882393442197
210 36 1 0.388882393442197
415 84 1 0.388882393442197
901 760 1 0.388882393442197
970 693 1 0.388882393442197
28 36 1 0.388882393442197
261 985 1 0.388882393442197
772 963 1 0.388882393442197
13 465 1 0.388882393442197
918 288 1 0.388882393442197
862 386 1 0.388882393442197
26 970 1 0.388882393442197
609 290 1 0.388882393442197
83 762 1 0.388882393442197
239 908 1 0.388882393442197
127 465 1 0.388882393442197
12 179 1 0.388882393442197
743 877 1 0.388882393442197
147 489 1 0.388882393442197
165 879 1 0.388882393442197
420 903 1 0.388882393442197
727 664 1 0.388882393442197
944 873 1 0.388882393442197
875 255 1 0.388882393442197
649 709 1 0.388882393442197
707 130 1 0.388882393442197
247 266 1 0.388882393442197
907 999 1 0.388882393442197
528 506 1 0.388882393442197
838 333 1 0.388882393442197
877 254 1 0.388882393442197
877 868 1 0.388882393442197
831 614 1 0.388882393442197
734 351 1 0.388882393442197
156 109 1 0.388882393442197
678 195 1 0.388882393442197
144 492 1 0.388882393442197
279 792 1 0.388882393442197
110 72 1 0.388882393442197
850 667 1 0.388882393442197
645 435 1 0.388882393442197
715 277 1 0.388882393442197
375 274 1 0.388882393442197
434 841 1 0.388882393442197
809 874 1 0.388882393442197
201 194 1 0.388882393442197
560 809 1 0.388882393442197
17 919 1 0.388882393442197
848 942 1 0.388882393442197
242 423 1 0.388882393442197
496 799 1 0.388882393442197
615 499 1 0.388882393442197
994 993 1 0.388882393442197
987 106 1 0.388882393442197
863 88 1 0.388882393442197
236 868 1 0.388882393442197
372 799 1 0.388882393442197
345 630 1 0.388882393442197
582 246 1 0.388882393442197
507 686 1 0.388882393442197
612 565 1 0.388882393442197
711 965 1 0.388882393442197
483 765 1 0.388882393442197
713 299 1 0.388882393442197
18 937 1 0.388882393442197
6 550 1 0.388882393442197
944 672 1 0.388882393442197
713 515 1 0.388882393442197
76 946 1 0.388882393442197
559 584 1 0.388882393442197
713 562 1 0.388882393442197
793 616 1 0.388882393442197
358 830 1 0.388882393442197
675 199 1 0.388882393442197
910 832 1 0.388882393442197
288 657 1 0.388882393442197
184 952 1 0.388882393442197
433 482 1 0.388882393442197
363 966 1 0.388882393442197
860 926 1 0.388882393442197
281 201 1 0.388882393442197
70 784 1 0.388882393442197
416 179 1 0.388882393442197
160 997 1 0.388882393442197
867 602 1 0.388882393442197
1 701 1 0.388882393442197
277 225 1 0.388882393442197
463 923 1 0.388882393442197
665 423 1 0.388882393442197
476 553 1 0.388882393442197
369 629 1 0.388882393442197
911 247 1 0.388882393442197
128 49 1 0.388882393442197
999 883 1 0.388882393442197
976 587 1 0.388882393442197
221 403 1 0.388882393442197
548 382 1 0.388882393442197
233 928 1 0.388882393442197
893 135 1 0.388882393442197
704 501 1 0.388882393442197
806 693 1 0.388882393442197
573 861 1 0.388882393442197
2 254 1 0.388882393442197
65 331 1 0.388882393442197
836 933 1 0.388882393442197
320 34 1 0.388882393442197
957 275 1 0.388882393442197
572 748 1 0.388882393442197
358 68 1 0.388882393442197
461 296 1 0.388882393442197
490 825 1 0.388882393442197
563 76 1 0.388882393442197
940 805 1 0.388882393442197
799 550 1 0.388882393442197
250 345 1 0.388882393442197
828 143 1 0.388882393442197
685 670 1 0.388882393442197
929 706 1 0.388882393442197
515 870 1 0.388882393442197
753 214 1 0.388882393442197
623 404 1 0.388882393442197
401 227 1 0.388882393442197
242 880 1 0.388882393442197
10 906 1 0.388882393442197
371 800 1 0.388882393442197
840 832 1 0.388882393442197
1 133 1 0.388882393442197
174 53 1 0.388882393442197
940 449 1 0.388882393442197
693 632 1 0.388882393442197
693 238 1 0.388882393442197
964 582 1 0.388882393442197
495 930 1 0.388882393442197
46 240 1 0.388882393442197
123 154 1 0.388882393442197
393 532 1 0.388882393442197
153 469 1 0.388882393442197
2 459 1 0.388882393442197
27 680 1 0.388882393442197
950 385 1 0.388882393442197
290 40 1 0.388882393442197
873 630 1 0.388882393442197
53 244 1 0.388882393442197
797 75 1 0.388882393442197
103 974 1 0.388882393442197
650 221 1 0.388882393442197
542 205 1 0.388882393442197
937 825 1 0.388882393442197
404 154 1 0.388882393442197
982 9 1 0.388882393442197
632 294 1 0.388882393442197
672 667 1 0.388882393442197
908 314 1 0.388882393442197
505 213 1 0.388882393442197
492 412 1 0.388882393442197
313 494 1 0.388882393442197
93 292 1 0.388882393442197
601 475 1 0.388882393442197
209 179 1 0.388882393442197
14 717 1 0.388882393442197
673 403 1 0.388882393442197
998 48 1 0.388882393442197
559 604 1 0.388882393442197
742 380 1 0.388882393442197
913 545 1 0.388882393442197
261 347 1 0.388882393442197
991 268 1 0.388882393442197
436 566 1 0.388882393442197
358 507 1 0.388882393442197
784 771 1 0.388882393442197
442 318 1 0.388882393442197
780 333 1 0.388882393442197
220 910 1 0.388882393442197
166 453 1 0.388882393442197
927 871 1 0.388882393442197
387 299 1 0.388882393442197
214 462 1 0.388882393442197
15 682 1 0.388882393442197
630 647 1 0.388882393442197
685 870 1 0.388882393442197
794 888 1 0.388882393442197
508 334 1 0.388882393442197
111 572 1 0.388882393442197
878 346 1 0.388882393442197
720 963 1 0.388882393442197
771 669 1 0.388882393442197
483 28 1 0.388882393442197
493 326 1 0.388882393442197
513 219 1 0.388882393442197
290 751 1 0.388882393442197
807 960 1 0.388882393442197
350 991 1 0.388882393442197
687 49 1 0.388882393442197
997 862 1 0.388882393442197
592 368 1 0.388882393442197
633 790 1 0.388882393442197
859 147 1 0.388882393442197
508 913 1 0.388882393442197
851 143 1 0.388882393442197
846 682 1 0.388882393442197
256 967 1 0.388882393442197
918 149 1 0.388882393442197
585 227 1 0.388882393442197
588 69 1 0.388882393442197
774 498 1 0.388882393442197
612 881 1 0.388882393442197
920 782 1 0.388882393442197
202 779 1 0.388882393442197
33 423 1 0.388882393442197
572 782 1 0.388882393442197
723 38 1 0.388882393442197
624 978 1 0.388882393442197
482 710 1 0.388882393442197
633 739 1 0.388882393442197
547 170 1 0.388882393442197
603 705 1 0.388882393442197
448 373 1 0.388882393442197
78 649 1 0.388882393442197
187 126 1 0.388882393442197
129 282 1 0.388882393442197
295 274 1 0.388882393442197
787 348 1 0.388882393442197
116 731 1 0.388882393442197
905 40 1 0.388882393442197
268 631 1 0.388882393442197
881 418 1 0.388882393442197
998 214 1 0.388882393442197
241 794 1 0.388882393442197
420 643 1 0.388882393442197
354 508 1 0.388882393442197
960 744 1 0.388882393442197
352 11 1 0.388882393442197
15 260 1 0.388882393442197
44 838 1 0.388882393442197
618 452 1 0.388882393442197
937 470 1 0.388882393442197
253 878 1 0.388882393442197
158 428 1 0.388882393442197
459 518 1 0.388882393442197
908 433 1 0.388882393442197
214 893 1 0.388882393442197
874 347 1 0.388882393442197
87 325 1 0.388882393442197
483 795 1 0.388882393442197
81 564 1 0.388882393442197
354 881 1 0.388882393442197
674 545 1 0.388882393442197
963 4 1 0.388882393442197
935 953 1 0.388882393442197
189 905 1 0.388882393442197
137 984 1 0.388882393442197
569 153 1 0.388882393442197
909 244 1 0.388882393442197
819 819 1 0.388882393442197
658 138 1 0.388882393442197
468 342 1 0.388882393442197
532 498 1 0.388882393442197
775 187 1 0.388882393442197
686 78 1 0.388882393442197
675 573 1 0.388882393442197
707 894 1 0.388882393442197
1 775 1 0.388882393442197
841 82 1 0.388882393442197
857 204 1 0.388882393442197
776 133 1 0.388882393442197
768 791 1 0.388882393442197
463 514 1 0.388882393442197
804 70 1 0.388882393442197
723 253 1 0.388882393442197
357 718 1 0.388882393442197
21 186 1 0.388882393442197
474 486 1 0.388882393442197
994 74 1 0.388882393442197
134 198 1 0.388882393442197
722 451 1 0.388882393442197
747 368 1 0.388882393442197
192 789 1 0.388882393442197
15 147 1 0.388882393442197
752 593 1 0.388882393442197
750 972 1 0.388882393442197
877 775 1 0.388882393442197
350 968 1 0.388882393442197
428 736 1 0.388882393442197
210 967 1 0.388882393442197
719 26 1 0.388882393442197
807 765 1 0.388882393442197
396 277 1 0.388882393442197
441 525 1 0.388882393442197
938 428 1 0.388882393442197
719 797 1 0.388882393442197
966 687 1 0.388882393442197
145 857 1 0.388882393442197
228 513 1 0.388882393442197
319 194 1 0.388882393442197
809 484 1 0.388882393442197
221 945 1 0.388882393442197
327 44 1 0.388882393442197
124 143 1 0.388882393442197
4 288 1 0.388882393442197
855 999 1 0.388882393442197
682 592 1 0.388882393442197
867 673 1 0.388882393442197
748 655 1 0.388882393442197
638 891 1 0.388882393442197
456 17 1 0.388882393442197
464 261 1 0.388882393442197
994 390 1 0.388882393442197
940 131 1 0.388882393442197
212 576 1 0.388882393442197
968 625 1 0.388882393442197
19 753 1 0.388882393442197
845 955 1 0.388882393442197
597 596 1 0.388882393442197
918 670 1 0.388882393442197
707 283 1 0.388882393442197
184 48 1 0.388882393442197
78 751 1 0.388882393442197
951 765 1 0.388882393442197
788 207 1 0.388882393442197
649 380 1 0.388882393442197
592 536 1 0.388882393442197
34 466 1 0.388882393442197
168 943 1 0.388882393442197
80 602 1 0.388882393442197
968 109 1 0.388882393442197
958 146 1 0.388882393442197
236 706 1 0.388882393442197
101 744 1 0.388882393442197
177 739 1 0.388882393442197
466 94 1 0.388882393442197
618 336 1 0.388882393442197
14 37 1 0.388882393442197
960 587 1 0.388882393442197
375 940 1 0.388882393442197
542 884 1 0.388882393442197
623 799 1 0.388882393442197
728 833 1 0.388882393442197
739 510 1 0.388882393442197
953 140 1 0.388882393442197
377 819 1 0.388882393442197
260 314 1 0.388882393442197
63 749 1 0.388882393442197
741 29 1 0.388882393442197
876 91 1 0.388882393442197
659 937 1 0.388882393442197
185 495 1 0.388882393442197
772 222 1 0.388882393442197
606 610 1 0.388882393442197
582 411 1 0.388882393442197
17 752 1 0.388882393442197
851 215 1 0.388882393442197
171 182 1 0.388882393442197
707 429 1 0.388882393442197
398 285 1 0.388882393442197
579 899 1 0.388882393442197
887 995 1 0.388882393442197
373 86 1 0.388882393442197
528 12 1 0.388882393442197
185 22 1 0.388882393442197
703 658 1 0.388882393442197
524 694 1 0.388882393442197
966 844 1 0.388882393442197
792 835 1 0.388882393442197
644 72 1 0.388882393442197
71 591 1 0.388882393442197
288 9 1 0.388882393442197
614 40 1 0.388882393442197
167 121 1 0.388882393442197
403 306 1 0.388882393442197
935 764 1 0.388882393442197
511 291 1 0.388882393442197
964 311 1 0.388882393442197
213 653 1 0.388882393442197
990 514 1 0.388882393442197
509 670 1 0.388882393442197
559 397 1 0.388882393442197
291 380 1 0.388882393442197
785 835 1 0.388882393442197
525 753 1 0.388882393442197
322 576 1 0.388882393442197
438 404 1 0.388882393442197
512 6 1 0.388882393442197
9 67 1 0.388882393442197
551 363 1 0.388882393442197
202 406 1 0.388882393442197
576 616 1 0.388882393442197
39 677 1 0.388882393442197
550 768 1 0.388882393442197
10 978 1 0.388882393442197
306 540 1 0.388882393442197
968 218 1 0.388882393442197
751 237 1 0.388882393442197
734 66 1 0.388882393442197
234 210 1 0.388882393442197
691 872 1 0.388882393442197
363 531 1 0.388882393442197
696 637 1 0.388882393442197
215 603 1 0.388882393442197
617 847 1 0.388882393442197
485 911 1 0.388882393442197
661 662 1 0.388882393442197
656 619 1 0.388882393442197
591 932 1 0.388882393442197
915 201 1 0.388882393442197
42 572 1 0.388882393442197
916 419 1 0.388882393442197
76 983 1 0.388882393442197
711 903 1 0.388882393442197
918 81 1 0.388882393442197
558 376 1 0.388882393442197
995 828 1 0.388882393442197
873 179 1 0.388882393442197
529 405 1 0.388882393442197
48 216 1 0.388882393442197
898 819 1 0.388882393442197
805 521 1 0.388882393442197
82 781 1 0.388882393442197
57 954 1 0.388882393442197
592 210 1 0.388882393442197
94 626 1 0.388882393442197
854 10 1 0.388882393442197
422 757 1 0.388882393442197
750 875 1 0.388882393442197
369 424 1 0.388882393442197
792 931 1 0.388882393442197
657 754 1 0.388882393442197
568 939 1 0.388882393442197
542 8 1 0.388882393442197
249 815 1 0.388882393442197
643 682 1 0.388882393442197
4 388 1 0.388882393442197
355 157 1 0.388882393442197
27 87 1 0.388882393442197
391 480 1 0.388882393442197
287 353 1 0.388882393442197
107 499 1 0.388882393442197
282 795 1 0.388882393442197
678 671 1 0.388882393442197
55 987 1 0.388882393442197
34 583 1 0.388882393442197
861 712 1 0.388882393442197
56 307 1 0.388882393442197
793 454 1 0.388882393442197
550 405 1 0.388882393442197
607 750 1 0.388882393442197
442 365 1 0.388882393442197
101 3 1 0.388882393442197
213 294 1 0.388882393442197
979 701 1 0.388882393442197
429 580 1 0.388882393442197
784 127 1 0.388882393442197
655 344 1 0.388882393442197
282 155 1 0.388882393442197
98 772 1 0.388882393442197
731 78 1 0.388882393442197
175 347 1 0.388882393442197
970 565 1 0.388882393442197
235 888 1 0.388882393442197
489 733 1 0.388882393442197
7 225 1 0.388882393442197
788 10 1 0.388882393442197
621 367 1 0.388882393442197
355 404 1 0.388882393442197
778 874 1 0.388882393442197
644 669 1 0.388882393442197
221 640 1 0.388882393442197
487 739 1 0.388882393442197
516 773 1 0.388882393442197
685 515 1 0.388882393442197
474 429 1 0.388882393442197
872 948 1 0.388882393442197
309 470 1 0.388882393442197
153 634 1 0.388882393442197
182 119 1 0.388882393442197
493 661 1 0.388882393442197
804 661 1 0.388882393442197
510 417 1 0.388882393442197
843 291 1 0.388882393442197
644 645 1 0.388882393442197
905 158 1 0.388882393442197
483 468 1 0.388882393442197
799 40 1 0.388882393442197
152 960 1 0.388882393442197
214 15 1 0.388882393442197
494 93 1 0.388882393442197
500 943 1 0.388882393442197
812 115 1 0.388882393442197
730 599 1 0.388882393442197
944 240 1 0.388882393442197
861 927 1 0.388882393442197
926 704 1 0.388882393442197
3 86 1 0.388882393442197
468 463 1 0.388882393442197
361 122 1 0.388882393442197
598 350 1 0.388882393442197
70 336 1 0.388882393442197
280 49 1 0.388882393442197
568 565 1 0.388882393442197
589 2 1 0.388882393442197
191 532 1 0.388882393442197
194 540 1 0.388882393442197
418 289 1 0.388882393442197
488 871 1 0.388882393442197
795 688 1 0.388882393442197
265 977 1 0.388882393442197
943 319 1 0.388882393442197
981 31 1 0.388882393442197
367 386 1 0.388882393442197
258 830 1 0.388882393442197
124 91 1 0.388882393442197
661 154 1 0.388882393442197
445 87 1 0.388882393442197
184 97 1 0.388882393442197
42 862 1 0.388882393442197
984 450 1 0.388882393442197
698 593 1 0.388882393442197
49 373 1 0.388882393442197
157 526 1 0.388882393442197
490 256 1 0.388882393442197
337 672 1 0.388882393442197
885 969 1 0.388882393442197
465 129 1 0.388882393442197
313 437 1 0.388882393442197
918 601 1 0.388882393442197
439 375 1 0.388882393442197
378 773 1 0.388882393442197
495 44 1 0.388882393442197
692 704 1 0.388882393442197
88 296 1 0.388882393442197
493 866 1 0.388882393442197
212 964 1 0.388882393442197
113 658 1 0.388882393442197
745 767 1 0.388882393442197
441 509 1 0.388882393442197
436 465 1 0.388882393442197
60 412 1 0.388882393442197
610 763 1 0.388882393442197
985 230 1 0.388882393442197
785 333 1 0.388882393442197
552 617 1 0.388882393442197
80 549 1 0.388882393442197
600 287 1 0.388882393442197
431 794 1 0.388882393442197
800 917 1 0.388882393442197
995 317 1 0.388882393442197
362 909 1 0.388882393442197
641 523 1 0.388882393442197
452 779 1 0.388882393442197
664 366 1 0.388882393442197
532 190 1 0.388882393442197
459 162 1 0.388882393442197
292 444 1 0.388882393442197
627 8 1 0.388882393442197
830 70 1 0.388882393442197
246 929 1 0.388882393442197
985 523 1 0.388882393442197
682 40 1 0.388882393442197
619 521 1 0.388882393442197
248 198 1 0.388882393442197
541 881 1 0.388882393442197
138 444 1 0.388882393442197
429 828 1 0.388882393442197
242 116 1 0.388882393442197
992 828 1 0.388882393442197
696 911 1 0.388882393442197
156 239 1 0.388882393442197
657 843 1 0.388882393442197
981 975 1 0.388882393442197
787 592 1 0.388882393442197
14 151 1 0.388882393442197
278 883 1 0.388882393442197
217 138 1 0.388882393442197
732 210 1 0.388882393442197
782 94 1 0.388882393442197
477 247 1 0.388882393442197
36 391 1 0.388882393442197
698 39 1 0.388882393442197
840 272 1 0.388882393442197
578 910 1 0.388882393442197
769 577 1 0.388882393442197
355 482 1 0.388882393442197
329 965 1 0.388882393442197
514 742 1 0.388882393442197
489 379 1 0.388882393442197
254 929 1 0.388882393442197
660 203 1 0.388882393442197
137 650 1 0.388882393442197
157 163 1 0.388882393442197
43 305 1 0.388882393442197
96 915 1 0.388882393442197
161 693 1 0.388882393442197
695 371 1 0.388882393442197
722 943 1 0.388882393442197
695 465 1 0.388882393442197
784 262 1 0.388882393442197
928 222 1 0.388882393442197
357 497 1 0.388882393442197
651 482 1 0.388882393442197
214 340 1 0.388882393442197
995 860 1 0.388882393442197
97 453 1 0.388882393442197
709 407 1 0.388882393442197
61 251 1 0.388882393442197
143 297 1 0.388882393442197
543 73 1 0.388882393442197
539 264 1 0.388882393442197
131 922 1 0.388882393442197
599 367 1 0.388882393442197
405 270 1 0.388882393442197
490 159 1 0.388882393442197
727 560 1 0.388882393442197
709 217 1 0.388882393442197
633 939 1 0.388882393442197
628 439 1 0.388882393442197
189 474 1 0.388882393442197
942 269 1 0.388882393442197
784 480 1 0.388882393442197
117 140 1 0.388882393442197
99 516 1 0.388882393442197
659 100 1 0.388882393442197
868 376 1 0.388882393442197
58 383 1 0.388882393442197
161 68 1 0.388882393442197
198 743 1 0.388882393442197
198 442 1 0.388882393442197
322 722 1 0.388882393442197
379 425 1 0.388882393442197
197 335 1 0.388882393442197
922 508 1 0.388882393442197
185 343 1 0.388882393442197
395 800 1 0.388882393442197
120 978 1 0.388882393442197
115 804 1 0.388882393442197
425 463 1 0.388882393442197
865 167 1 0.388882393442197
148 855 1 0.388882393442197
468 38 1 0.388882393442197
550 507 1 0.388882393442197
484 743 1 0.388882393442197
576 718 1 0.388882393442197
145 617 1 0.388882393442197
949 283 1 0.388882393442197
805 398 1 0.388882393442197
187 381 1 0.388882393442197
665 684 1 0.388882393442197
932 130 1 0.388882393442197
571 334 1 0.388882393442197
993 160 1 0.388882393442197
758 835 1 0.388882393442197
91 902 1 0.388882393442197
663 964 1 0.388882393442197
253 387 1 0.388882393442197
203 239 1 0.388882393442197
894 557 1 0.388882393442197
784 712 1 0.388882393442197
324 168 1 0.388882393442197
717 735 1 0.388882393442197
320 817 1 0.388882393442197
896 211 1 0.388882393442197
555 632 1 0.388882393442197
3 660 1 0.388882393442197
938 258 1 0.388882393442197
29 21 1 0.388882393442197
707 12 1 0.388882393442197
897 834 1 0.388882393442197
7 871 1 0.388882393442197
101 580 1 0.388882393442197
361 993 1 0.388882393442197
175 995 1 0.388882393442197
400 112 1 0.388882393442197
366 421 1 0.388882393442197
966 282 1 0.388882393442197
857 548 1 0.388882393442197
311 356 1 0.388882393442197
25 353 1 0.388882393442197
452 559 1 0.388882393442197
864 977 1 0.388882393442197
942 509 1 0.388882393442197
273 877 1 0.388882393442197
533 975 1 0.388882393442197
110 852 1 0.388882393442197
898 865 1 0.388882393442197
462 481 1 0.388882393442197
363 73 1 0.388882393442197
1 558 1 0.388882393442197
460 255 1 0.388882393442197
871 681 1 0.388882393442197
970 903 1 0.388882393442197
406 579 1 0.388882393442197
4 512 1 0.388882393442197
202 525 1 0.388882393442197
507 669 1 0.388882393442197
282 968 1 0.388882393442197
466 361 1 0.388882393442197
539 75 1 0.388882393442197
385 461 1 0.388882393442197
329 507 1 0.388882393442197
845 965 1 0.388882393442197
472 547 1 0.388882393442197
761 954 1 0.388882393442197
784 368 1 0.388882393442197
48 24 1 0.388882393442197
513 26 1 0.388882393442197
556 565 1 0.388882393442197
91 939 1 0.388882393442197
70 831 1 0.388882393442197
408 158 1 0.388882393442197
906 633 1 0.388882393442197
267 39 1 0.388882393442197
190 23 1 0.388882393442197
985 783 1 0.388882393442197
972 134 1 0.388882393442197
536 409 1 0.388882393442197
981 314 1 0.388882393442197
932 790 1 0.388882393442197
220 634 1 0.388882393442197
78 346 1 0.388882393442197
341 112 1 0.388882393442197
721 837 1 0.388882393442197
840 138 1 0.388882393442197
290 632 1 0.388882393442197
659 724 1 0.388882393442197
332 491 1 0.388882393442197
650 169 1 0.388882393442197
49 109 1 0.388882393442197
727 164 1 0.388882393442197
509 21 1 0.388882393442197
680 439 1 0.388882393442197
803 657 1 0.388882393442197
862 686 1 0.388882393442197
718 914 1 0.388882393442197
624 388 1 0.388882393442197
191 622 1 0.388882393442197
496 989 1 0.388882393442197
286 300 1 0.388882393442197
569 703 1 0.388882393442197
248 453 1 0.388882393442197
835 929 1 0.388882393442197
202 252 1 0.388882393442197
836 286 1 0.388882393442197
712 787 1 0.388882393442197
992 702 1 0.388882393442197
848 658 1 0.388882393442197
10 397 1 0.388882393442197
832 140 1 0.388882393442197
722 209 1 0.388882393442197
720 630 1 0.388882393442197
672 137 1 0.388882393442197
287 472 1 0.388882393442197
405 75 1 0.388882393442197
278 623 1 0.388882393442197
74 858 1 0.388882393442197
457 475 1 0.388882393442197
76 263 1 0.388882393442197
454 79 1 0.388882393442197
379 715 1 0.388882393442197
916 184 1 0.388882393442197
889 723 1 0.388882393442197
873 108 1 0.388882393442197
584 104 1 0.388882393442197
702 964 1 0.388882393442197
155 392 1 0.388882393442197
836 980 1 0.388882393442197
776 10 1 0.388882393442197
797 257 1 0.388882393442197
548 615 1 0.388882393442197
866 506 1 0.388882393442197
26 67 1 0.388882393442197
515 218 1 0.388882393442197
109 80 1 0.388882393442197
999 656 1 0.388882393442197
357 503 1 0.388882393442197
356 415 1 0.388882393442197
609 923 1 0.388882393442197
661 438 1 0.388882393442197
737 239 1 0.388882393442197
727 452 1 0.388882393442197
466 352 1 0.388882393442197
715 618 1 0.388882393442197
685 238 1 0.388882393442197
856 313 1 0.388882393442197
791 938 1 0.388882393442197
124 102 1 0.388882393442197
85 481 1 0.388882393442197
149 903 1 0.388882393442197
0 778 1 0.388882393442197
869 486 1 0.388882393442197
800 892 1 0.388882393442197
861 636 1 0.388882393442197
490 396 1 0.388882393442197
972 966 1 0.388882393442197
205 429 1 0.388882393442197
659 521 1 0.388882393442197
935 684 1 0.388882393442197
12 437 1 0.388882393442197
981 152 1 0.388882393442197
481 872 1 0.388882393442197
55 550 1 0.388882393442197
322 290 1 0.388882393442197
335 855 1 0.388882393442197
23 329 1 0.388882393442197
633 884 1 0.388882393442197
742 643 1 0.388882393442197
381 824 1 0.388882393442197
38 5 1 0.388882393442197
159 544 1 0.388882393442197
584 514 1 0.388882393442197
444 801 1 0.388882393442197
65 384 1 0.388882393442197
203 418 1 0.388882393442197
535 774 1 0.388882393442197
41 497 1 0.388882393442197
120 135 1 0.388882393442197
895 201 1 0.388882393442197
649 726 1 0.388882393442197
982 112 1 0.388882393442197
610 710 1 0.388882393442197
205 292 1 0.388882393442197
498 769 1 0.388882393442197
624 364 1 0.388882393442197
333 887 1 0.388882393442197
108 704 1 0.388882393442197
607 386 1 0.388882393442197
81 211 1 0.388882393442197
51 128 1 0.388882393442197
758 697 1 0.388882393442197
839 314 1 0.388882393442197
550 268 1 0.388882393442197
107 873 1 0.388882393442197
121 506 1 0.388882393442197
356 309 1 0.388882393442197
709 533 1 0.388882393442197
982 968 1 0.388882393442197
403 620 1 0.388882393442197
927 83 1 0.388882393442197
916 844 1 0.388882393442197
385 611 1 0.388882393442197
805 262 1 0.388882393442197
52 825 1 0.388882393442197
348 474 1 0.388882393442197
871 220 1 0.388882393442197
19 74 1 0.388882393442197
57 189 1 0.388882393442197
769 713 1 0.388882393442197
517 52 1 0.388882393442197
368 377 1 0.388882393442197
816 170 1 0.388882393442197
654 769 1 0.388882393442197
974 703 1 0.388882393442197
221 666 1 0.388882393442197
619 73 1 0.388882393442197
845 92 1 0.388882393442197
445 682 1 0.388882393442197
462 389 1 0.388882393442197
787 519 1 0.388882393442197
411 220 1 0.388882393442197
754 578 1 0.388882393442197
934 107 1 0.388882393442197
939 409 1 0.388882393442197
108 38 1 0.388882393442197
591 978 1 0.388882393442197
324 824 1 0.388882393442197
568 537 1 0.388882393442197
983 486 1 0.388882393442197
848 717 1 0.388882393442197
452 700 1 0.388882393442197
426 840 1 0.388882393442197
668 740 1 0.388882393442197
394 890 1 0.388882393442197
117 176 1 0.388882393442197
797 754 1 0.388882393442197
937 999 1 0.388882393442197
199 304 1 0.388882393442197
101 903 1 0.388882393442197
472 83 1 0.388882393442197
786 124 1 0.388882393442197
252 771 1 0.388882393442197
741 956 1 0.388882393442197
326 439 1 0.388882393442197
273 699 1 0.388882393442197
208 725 1 0.388882393442197
771 400 1 0.388882393442197
526 792 1 0.388882393442197
728 267 1 0.388882393442197
420 781 1 0.388882393442197
972 194 1 0.388882393442197
177 461 1 0.388882393442197
928 466 1 0.388882393442197
553 98 1 0.388882393442197
459 298 1 0.388882393442197
6 816 1 0.388882393442197
578 932 1 0.388882393442197
187 440 1 0.388882393442197
487 919 1 0.388882393442197
868 507 1 0.388882393442197
291 162 1 0.388882393442197
805 977 1 0.388882393442197
562 530 1 0.388882393442197
538 136 1 0.388882393442197
821 144 1 0.388882393442197
787 208 1 0.388882393442197
338 21 1 0.388882393442197
131 663 1 0.388882393442197
886 275 1 0.388882393442197
540 483 1 0.388882393442197
293 323 1 0.388882393442197
129 709 1 0.388882393442197
328 319 1 0.388882393442197
404 279 1 0.388882393442197
665 120 1 0.388882393442197
567 112 1 0.388882393442197
657 738 1 0.388882393442197
749 564 1 0.388882393442197
289 567 1 0.388882393442197
907 469 1 0.388882393442197
721 624 1 0.388882393442197
724 506 1 0.388882393442197
848 214 1 0.388882393442197
336 390 1 0.388882393442197
923 721 1 0.388882393442197
352 440 1 0.388882393442197
917 827 1 0.388882393442197
447 860 1 0.388882393442197
836 456 1 0.388882393442197
737 582 1 0.388882393442197
489 195 1 0.388882393442197
600 166 1 0.388882393442197
794 581 1 0.388882393442197
200 435 1 0.388882393442197
582 552 1 0.388882393442197
691 596 1 0.388882393442197
644 501 1 0.388882393442197
419 608 1 0.388882393442197
960 321 1 0.388882393442197
372 993 1 0.388882393442197
696 72 1 0.388882393442197
378 807 1 0.388882393442197
253 846 1 0.388882393442197
651 913 1 0.388882393442197
74 141 1 0.388882393442197
742 256 1 0.388882393442197
307 194 1 0.388882393442197
264 356 1 0.388882393442197
483 946 1 0.388882393442197
363 871 1 0.388882393442197
290 981 1 0.388882393442197
471 632 1 0.388882393442197
304 835 1 0.388882393442197
704 260 1 0.388882393442197
457 386 1 0.388882393442197
857 616 1 0.388882393442197
129 873 1 0.388882393442197
578 571 1 0.388882393442197
796 14 1 0.388882393442197
931 156 1 0.388882393442197
505 880 1 0.388882393442197
249 251 1 0.388882393442197
720 416 1 0.388882393442197
396 980 1 0.388882393442197
22 132 1 0.388882393442197
584 48 1 0.388882393442197
400 266 1 0.388882393442197
935 651 1 0.388882393442197
29 923 1 0.388882393442197
209 729 1 0.388882393442197
72 103 1 0.388882393442197
25 417 1 0.388882393442197
29 779 1 0.388882393442197
333 311 1 0.388882393442197
889 608 1 0.388882393442197
554 784 1 0.388882393442197
844 102 1 0.388882393442197
713 18 1 0.388882393442197
898 634 1 0.388882393442197
371 108 1 0.388882393442197
912 143 1 0.388882393442197
679 418 1 0.388882393442197
977 363 1 0.388882393442197
607 645 1 0.388882393442197
820 557 1 0.388882393442197
607 146 1 0.388882393442197
586 160 1 0.388882393442197
63 819 1 0.388882393442197
287 31 1 0.388882393442197
750 525 1 0.388882393442197
182 957 1 0.388882393442197
885 287 1 0.388882393442197
543 403 1 0.388882393442197
455 900 1 0.388882393442197
751 863 1 0.388882393442197
814 248 1 0.388882393442197
494 133 1 0.388882393442197
441 317 1 0.388882393442197
145 216 1 0.388882393442197
48 849 1 0.388882393442197
606 24 1 0.388882393442197
96 532 1 0.388882393442197
756 369 1 0.388882393442197
48 443 1 0.388882393442197
934 433 1 0.388882393442197
291 887 1 0.388882393442197
473 18 1 0.388882393442197
415 845 1 0.388882393442197
270 9 1 0.388882393442197
967 993 1 0.388882393442197
251 799 1 0.388882393442197
757 403 1 0.388882393442197
744 396 1 0.388882393442197
12 962 1 0.388882393442197
82 442 1 0.388882393442197
433 359 1 0.388882393442197
476 549 1 0.388882393442197
747 398 1 0.388882393442197
89 574 1 0.388882393442197
342 183 1 0.388882393442197
150 936 1 0.388882393442197
976 227 1 0.388882393442197
9 625 1 0.388882393442197
720 696 1 0.388882393442197
352 812 1 0.388882393442197
907 764 1 0.388882393442197
139 119 1 0.388882393442197
675 444 1 0.388882393442197
757 481 1 0.388882393442197
319 604 1 0.388882393442197
718 177 1 0.388882393442197
276 968 1 0.388882393442197
50 787 1 0.388882393442197
467 323 1 0.388882393442197
779 838 1 0.388882393442197
92 552 1 0.388882393442197
194 150 1 0.388882393442197
286 807 1 0.388882393442197
88 367 1 0.388882393442197
84 569 1 0.388882393442197
938 672 1 0.388882393442197
651 599 1 0.388882393442197
565 909 1 0.388882393442197
591 599 1 0.388882393442197
877 176 1 0.388882393442197
988 797 1 0.388882393442197
287 546 1 0.388882393442197
740 817 1 0.388882393442197
790 437 1 0.388882393442197
918 952 1 0.388882393442197
203 241 1 0.388882393442197
184 749 1 0.388882393442197
976 13 1 0.388882393442197
902 9 1 0.388882393442197
307 896 1 0.388882393442197
419 84 1 0.388882393442197
633 462 1 0.388882393442197
266 949 1 0.388882393442197
994 527 1 0.388882393442197
5 927 1 0.388882393442197
197 286 1 0.388882393442197
904 782 1 0.388882393442197
568 346 1 0.388882393442197
835 860 1 0.388882393442197
247 506 1 0.388882393442197
142 648 1 0.388882393442197
455 817 1 0.388882393442197
520 756 1 0.388882393442197
223 396 1 0.388882393442197
477 304 1 0.388882393442197
390 957 1 0.388882393442197
591 525 1 0.388882393442197
516 399 1 0.388882393442197
454 996 1 0.388882393442197
528 19 1 0.388882393442197
34 728 1 0.388882393442197
747 371 1 0.388882393442197
964 737 1 0.388882393442197
841 335 1 0.388882393442197
673 331 1 0.388882393442197
105 626 1 0.388882393442197
14 584 1 0.388882393442197
987 704 1 0.388882393442197
541 30 1 0.388882393442197
281 655 1 0.388882393442197
740 742 1 0.388882393442197
246 603 1 0.388882393442197
721 802 1 0.388882393442197
859 207 1 0.388882393442197
488 878 1 0.388882393442197
533 18 1 0.388882393442197
986 884 1 0.388882393442197
888 541 1 0.388882393442197
553 557 1 0.388882393442197
660 674 1 0.388882393442197
125 258 1 0.388882393442197
559 270 1 0.388882393442197
339 146 1 0.388882393442197
884 625 1 0.388882393442197
480 803 1 0.388882393442197
623 358 1 0.388882393442197
244 925 1 0.388882393442197
532 680 1 0.388882393442197
716 66 1 0.388882393442197
883 570 1 0.388882393442197
746 508 1 0.388882393442197
358 216 1 0.388882393442197
652 416 1 0.388882393442197
724 109 1 0.388882393442197
84 208 1 0.388882393442197
311 252 1 0.388882393442197
736 807 1 0.388882393442197
340 714 1 0.388882393442197
967 442 1 0.388882393442197
54 871 1 0.388882393442197
998 183 1 0.388882393442197
979 105 1 0.388882393442197
998 500 1 0.388882393442197
524 471 1 0.388882393442197
283 660 1 0.388882393442197
439 972 1 0.388882393442197
845 304 1 0.388882393442197
476 553 1 0.388882393442197
866 821 1 0.388882393442197
247 215 1 0.388882393442197
419 976 1 0.388882393442197
126 476 1 0.388882393442197
359 947 1 0.388882393442197
721 337 1 0.388882393442197
935 246 1 0.388882393442197
133 607 1 0.388882393442197
639 52 1 0.388882393442197
147 435 1 0.388882393442197
509 82 1 0.388882393442197
310 882 1 0.388882393442197
64 168 1 0.388882393442197
483 824 1 0.388882393442197
417 694 1 0.388882393442197
633 215 1 0.388882393442197
425 108 1 0.388882393442197
793 208 1 0.388882393442197
47 516 1 0.388882393442197
886 343 1 0.388882393442197
325 719 1 0.388882393442197
744 977 1 0.388882393442197
177 818 1 0.388882393442197
486 436 1 0.388882393442197
948 670 1 0.388882393442197
97 418 1 0.388882393442197
500 124 1 0.388882393442197
127 357 1 0.388882393442197
813 345 1 0.388882393442197
946 180 1 0.388882393442197
426 378 1 0.388882393442197
304 250 1 0.388882393442197
472 267 1 0.388882393442197
345 751 1 0.388882393442197
279 601 1 0.388882393442197
820 563 1 0.388882393442197
352 128 1 0.388882393442197
509 524 1 0.388882393442197
564 74 1 0.388882393442197
258 829 1 0.388882393442197
472 958 1 0.388882393442197
442 989 1 0.388882393442197
152 413 1 0.388882393442197
949 57 1 0.388882393442197
620 759 1 0.388882393442197
423 35 1 0.388882393442197
950 2 1 0.388882393442197
548 857 1 0.388882393442197
186 762 1 0.388882393442197
694 300 1 0.388882393442197
580 278 1 0.388882393442197
600 933 1 0.388882393442197
960 661 1 0.388882393442197
744 200 1 0.388882393442197
443 179 1 0.388882393442197
279 14 1 0.388882393442197
19 90 1 0.388882393442197
242 186 1 0.388882393442197
328 355 1 0.388882393442197
51 957 1 0.388882393442197
516 651 1 0.388882393442197
870 26 1 0.388882393442197
367 130 1 0.388882393442197
637 638 1 0.388882393442197
304 84 1 0.388882393442197
620 26 1 0.388882393442197
244 578 1 0.388882393442197
32 555 1 0.388882393442197
178 214 1 0.388882393442197
400 386 1 0.388882393442197
696 404 1 0.388882393442197
108 721 1 0.388882393442197
859 886 1 0.388882393442197
942 928 1 0.388882393442197
794 390 1 0.388882393442197
336 650 1 0.388882393442197
895 109 1 0.388882393442197
87 962 1 0.388882393442197
107 804 1 0.388882393442197
936 493 1 0.388882393442197
163 574 1 0.388882393442197
471 426 1 0.388882393442197
171 128 1 0.388882393442197
887 895 1 0.388882393442197
683 282 1 0.388882393442197
236 703 1 0.388882393442197
419 697 1 0.388882393442197
326 67 1 0.388882393442197
909 661 1 0.388882393442197
25 9 1 0.388882393442197
700 110 1 0.388882393442197
871 363 1 0.388882393442197
732 413 1 0.388882393442197
261 268 1 0.388882393442197
120 915 1 0.388882393442197
423 517 1 0.388882393442197
914 135 1 0.388882393442197
339 118 1 0.388882393442197
882 746 1 0.388882393442197
433 254 1 0.388882393442197
662 708 1 0.388882393442197
582 712 1 0.388882393442197
756 200 1 0.388882393442197
904 7 1 0.388882393442197
706 847 1 0.388882393442197
879 475 1 0.388882393442197
820 872 1 0.388882393442197
66 71 1 0.388882393442197
523 384 1 0.388882393442197
212 204 1 0.388882393442197
908 624 1 0.388882393442197
85 184 1 0.388882393442197
128 633 1 0.388882393442197
975 566 1 0.388882393442197
939 928 1 0.388882393442197
508 853 1 0.388882393442197
659 634 1 0.388882393442197
451 459 1 0.388882393442197
862 444 1 0.388882393442197
329 753 1 0.388882393442197
252 312 1 0.388882393442197
314 928 1 0.388882393442197
109 813 1 0.388882393442197
993 248 1 0.388882393442197
892 351 1 0.388882393442197
47 387 1 0.388882393442197
412 984 1 0.388882393442197
488 926 1 0.388882393442197
389 806 1 0.388882393442197
971 84 1 0.388882393442197
696 596 1 0.388882393442197
503 784 1 0.388882393442197
110 979 1 0.388882393442197
29 649 1 0.388882393442197
849 366 1 0.388882393442197
976 771 1 0.388882393442197
617 2 1 0.388882393442197
749 811 1 0.388882393442197
893 502 1 0.388882393442197
218 551 1 0.388882393442197
217 752 1 0.388882393442197
73 895 1 0.388882393442197
469 322 1 0.388882393442197
989 17 1 0.388882393442197
542 802 1 0.388882393442197
671 319 1 0.388882393442197
611 211 1 0.388882393442197
852 768 1 0.388882393442197
805 905 1 0.388882393442197
82 411 1 0.388882393442197
19 654 1 0.388882393442197
903 894 1 0.388882393442197
966 4 1 0.388882393442197
377 435 1 0.388882393442197
442 469 1 0.388882393442197
560 506 1 0.388882393442197
64 679 1 0.388882393442197
863 237 1 0.388882393442197
365 297 1 0.388882393442197
974 753 1 0.388882393442197
378 229 1 0.388882393442197
220 792 1 0.388882393442197
186 202 1 0.388882393442197
932 188 1 0.388882393442197
513 464 1 0.388882393442197
589 700 1 0.388882393442197
435 84 1 0.388882393442197
192 590 1 0.388882393442197
546 519 1 0.388882393442197
676 749 1 0.388882393442197
573 258 1 0.388882393442197
163 748 1 0.388882393442197
430 627 1 0.388882393442197
431 641 1 0.388882393442197
596 895 1 0.388882393442197
343 8 1 0.388882393442197
102 291 1 0.388882393442197
490 689 1 0.388882393442197
149 449 1 0.388882393442197
514 547 1 0.388882393442197
156 743 1 0.388882393442197
775 883 1 0.388882393442197
382 570 1 0.388882393442197
933 714 1 0.388882393442197
614 598 1 0.388882393442197
757 540 1 0.388882393442197
270 825 1 0.388882393442197
983 371 1 0.388882393442197
911 386 1 0.388882393442197
26 973 1 0.388882393442197
817 866 1 0.388882393442197
117 661 1 0.388882393442197
653 239 1 0.388882393442197
296 345 1 0.388882393442197
896 513 1 0.388882393442197
814 11 1 0.388882393442197
123 693 1 0.388882393442197
761 611 1 0.388882393442197
269 148 1 0.388882393442197
2 549 1 0.388882393442197
604 192 1 0.388882393442197
246 520 1 0.388882393442197
637 46 1 0.388882393442197
102 721 1 0.388882393442197
593 826 1 0.388882393442197
679 968 1 0.388882393442197
840 840 1 0.388882393442197
904 312 1 0.388882393442197
287 909 1 0.388882393442197
901 293 1 0.388882393442197
982 897 1 0.388882393442197
704 741 1 0.388882393442197
101 327 1 0.388882393442197
557 475 1 0.388882393442197
888 184 1 0.388882393442197
89 569 1 0.388882393442197
769 984 1 0.388882393442197
220 895 1 0.388882393442197
952 834 1 0.388882393442197
780 144 1 0.388882393442197
642 25 1 0.388882393442197
670 950 1 0.388882393442197
444 438 1 0.388882393442197
642 608 1 0.388882393442197
357 189 1 0.388882393442197
319 755 1 0.388882393442197
477 941 1 0.388882393442197
101 914 1 0.388882393442197
229 860 1 0.388882393442197
170 715 1 0.388882393442197
280 401 1 0.388882393442197
28 151 1 0.388882393442197
365 733 1 0.388882393442197
573 400 1 0.388882393442197
898 753 1 0.388882393442197
234 821 1 0.388882393442197
779 967 1 0.388882393442197
449 216 1 0.388882393442197
507 690 1 0.388882393442197
632 35 1 0.388882393442197
170 807 1 0.388882393442197
54 897 1 0.388882393442197
392 297 1 0.388882393442197
676 979 1 0.388882393442197
685 138 1 0.388882393442197
718 739 1 0.388882393442197
709 856 1 0.388882393442197
122 145 1 0.388882393442197
538 654 1 0.388882393442197
358 943 1 0.388882393442197
467 42 1 0.388882393442197
775 856 1 0.388882393442197
807 208 1 0.388882393442197
936 975 1 0.388882393442197
706 877 1 0.388882393442197
707 264 1 0.388882393442197
393 446 1 0.388882393442197
941 206 1 0.388882393442197
320 836 1 0.388882393442197
968 174 1 0.388882393442197
415 941 1 0.388882393442197
885 367 1 0.388882393442197
629 963 1 0.388882393442197
629 760 1 0.388882393442197
179 389 1 0.388882393442197
57 749 1 0.388882393442197
214 798 1 0.388882393442197
189 844 1 0.388882393442197
594 188 1 0.388882393442197
278 327 1 0.388882393442197
512 503 1 0.388882393442197
691 75 1 0.388882393442197
239 625 1 0.388882393442197
472 180 1 0.388882393442197
854 755 1 0.388882393442197
867 798 1 0.388882393442197
661 496 1 0.388882393442197
340 488 1 0.388882393442197
112 931 1 0.388882393442197
139 196 1 0.388882393442197
708 468 1 0.388882393442197
271 544 1 0.388882393442197
394 157 1 0.388882393442197
403 959 1 0.388882393442197
742 360 1 0.388882393442197
111 861 1 0.388882393442197
234 50 1 0.388882393442197
614 892 1 0.388882393442197
307 81 1 0.388882393442197
245 308 1 0.388882393442197
501 80 1 0.388882393442197
907 735 1 0.388882393442197
903 322 1 0.388882393442197
623 807 1 0.388882393442197
254 119 1 0.388882393442197
842 872 1 0.388882393442197
764 78 1 0.388882393442197
488 774 1 0.388882393442197