550.6 513.11 1 0.388882393442197
429.52 617.4 1 0.388882393442197
412.63 740.04 1 0.388882393442197
562.55 162.44 1 0.388882393442197
480.24 306.03 1 0.388882393442197
573.92 43.38 1 0.388882393442197
322.02 766.02 1 0.388882393442197
589.06 521.38 1 0.388882393442197
570.44 14.08 1 0.388882393442197
149.04 882.68 1 0.388882393442197
65.56 363.26 1 0.388882393442197
166.34 941.19 1 0.388882393442197
388.9 728.04 1 0.388882393442197
69.14 29.03 1 0.388882393442197
724.78 851.89 1 0.388882393442197
419.93 999.24 1 0.388882393442197
942.83 109.31 1 0.388882393442197
969.84 592.76 1 0.388882393442197
617.86 644.05 1 0.388882393442197
26.8 95.41 1 0.388882393442197
97.74 540.16 1 0.388882393442197
536.01 391.9 1 0.388882393442197
405.84 646.89 1 0.388882393442197
491.49 926.25 1 0.388882393442197
401.23 651.58 1 0.388882393442197
458.23 2.01 1 0.388882393442197
555.44 376.99 1 0.388882393442197
297.41 739.71 1 0.388882393442197
311.99 637.42 1 0.388882393442197
39.78 290.19 1 0.388882393442197
228.33 184.18 1 0.388882393442197
19.49 879.4 1 0.388882393442197
48.28 540.57 1 0.388882393442197
717.63 121.12 1 0.388882393442197
18.85 594.7 1 0.388882393442197
193.66 637.72 1 0.388882393442197
339.2 947.32 1 0.388882393442197
260.51 762.55 1 0.388882393442197
532.96 152.78 1 0.388882393442197
984.96 673.2 1 0.388882393442197
960.29 557.37 1 0.388882393442197
802.61 485.14 1 0.388882393442197
324.6 558.28 1 0.388882393442197
786.13 335.44 1 0.388882393442197
223.75 398.19 1 0.388882393442197
289.04 413.09 1 0.388882393442197
639.99 219.28 1 0.388882393442197
866.23 957.67 1 0.388882393442197
839.92 575.42 1 0.388882393442197
572.62 513.15 1 0.388882393442197
903.22 453.42 1 0.388882393442197
566.26 924.16 1 0.388882393442197
128.67 375.69 1 0.388882393442197
466.48 43.68 1 0.388882393442197
577.26 90.46 1 0.388882393442197
454.68 651.85 1 0.388882393442197
371.8 162.38 1 0.388882393442197
38.21 821.9 1 0.388882393442197
816.93 361.46 1 0.388882393442197
814.45 530.66 1 0.388882393442197
949.32 923.38 1 0.388882393442197
359.05 665.15 1 0.388882393442197
183.27 423.88 1 0.388882393442197
915.94 455.08 1 0.388882393442197
490.85 655.14 1 0.388882393442197
613.92 552.74 1 0.388882393442197
112.57 546.85 1 0.388882393442197
843.67 549.97 1 0.388882393442197
501.0 168.46 1 0.388882393442197
407.86 29.12 1 0.388882393442197
225.54 298.14 1 0.388882393442197
76.37 85.63 1 0.388882393442197
811.16 47.3 1 0.388882393442197
499.46 861.24 1 0.388882393442197
215.96 247.96 1 0.388882393442197
254.03 873.99 1 0.388882393442197
302.37 337.37 1 0.388882393442197
722.52 765.88 1 0.388882393442197
482.67 908.95 1 0.388882393442197
974.36 200.69 1 0.388882393442197
934.68 856.71 1 0.388882393442197
459.79 274.45 1 0.388882393442197
610.81 255.05 1 0.388882393442197
817.3 120.09 1 0.388882393442197
110.4 714.19 1 0.388882393442197
967.0 666.8 1 0.388882393442197
18.5 243.08 1 0.388882393442197
972.19 900.98 1 0.388882393442197
157.48 836.71 1 0.388882393442197
47.93 615.05 1 0.388882393442197
11.72 389.81 1 0.388882393442197
360.6 807.35 1 0.388882393442197
305.9 842.95 1 0.388882393442197
155.74 649.33 1 0.388882393442197
347.98 597.08 1 0.388882393442197
504.62 481.18 1 0.388882393442197
561.63 216.26 1 0.388882393442197
227.42 878.0 1 0.388882393442197
715.7 617.69 1 0.388882393442197
22.14 250.87 1 0.388882393442197
86.41 286.11 1 0.388882393442197
192.4 686.92 1 0.388882393442197
758.88 347.45 1 0.388882393442197
53.46 425.68 1 0.388882393442197
741.51 927.54 1 0.388882393442197
351.79 355.76 1 0.388882393442197
419.27 550.19 1 0.388882393442197
452.29 461.95 1 0.388882393442197
159.09 113.29 1 0.388882393442197
878.17 62.26 1 0.388882393442197
932.59 764.37 1 0.388882393442197
226.21 876.12 1 0.388882393442197
43.36 768.45 1 0.388882393442197
689.68 504.77 1 0.388882393442197
926.91 19.14 1 0.388882393442197
649.89 675.74 1 0.388882393442197
235.75 631.16 1 0.388882393442197
220.94 998.94 1 0.388882393442197
220.53 104.84 1 0.388882393442197
249.35 616.82 1 0.388882393442197
533.18 593.2 1 0.388882393442197
990.79 140.55 1 0.388882393442197
915.44 999.36 1 0.388882393442197
225.77 369.65 1 0.388882393442197
303.69 407.97 1 0.388882393442197
319.64 643.59 1 0.388882393442197
953.82 840.78 1 0.388882393442197
731.45 744.66 1 0.388882393442197
224.94 255.49 1 0.388882393442197
58.14 567.77 1 0.388882393442197
266.03 83.65 1 0.388882393442197
389.28 21.97 1 0.388882393442197
610.41 324.41 1 0.388882393442197
601.57 243.48 1 0.388882393442197
517.15 555.23 1 0.388882393442197
149.95 935.18 1 0.388882393442197
358.71 271.76 1 0.388882393442197
811.54 944.87 1 0.388882393442197
330.08 687.56 1 0.388882393442197
592.01 858.55 1 0.388882393442197
470.01 265.72 1 0.388882393442197
601.61 701.41 1 0.388882393442197
656.92 784.1 1 0.388882393442197
122.7 148.96 1 0.388882393442197
58.81 395.04 1 0.388882393442197
594.1 570.87 1 0.388882393442197
509.76 584.75 1 0.388882393442197
927.43 58.04 1 0.388882393442197
30.36 745.87 1 0.388882393442197
17.68 763.79 1 0.388882393442197
788.48 227.46 1 0.388882393442197
515.36 417.14 1 0.388882393442197
186.51 188.8 1 0.388882393442197
797.76 722.4 1 0.388882393442197
764.29 403.89 1 0.388882393442197
482.81 116.18 1 0.388882393442197
345.75 831.51 1 0.388882393442197
939.22 222.41 1 0.388882393442197
933.78 82.39 1 0.388882393442197
274.85 286.66 1 0.388882393442197
513.53 120.86 1 0.388882393442197
587.51 162.39 1 0.388882393442197
845.24 38.13 1 0.388882393442197
57.32 796.86 1 0.388882393442197
819.78 639.92 1 0.388882393442197
398.47 60.41 1 0.388882393442197
359.81 366.02 1 0.388882393442197
441.04 393.13 1 0.388882393442197
867.92 680.63 1 0.388882393442197
876.07 655.02 1 0.388882393442197
115.4 340.81 1 0.388882393442197
79.25 784.91 1 0.388882393442197
669.7 992.46 1 0.388882393442197
826.46 125.46 1 0.388882393442197
194.49 431.88 1 0.388882393442197
22.54 91.53 1 0.388882393442197
967.38 313.1 1 0.388882393442197
87.62 474.04 1 0.388882393442197
924.65 890.13 1 0.388882393442197
105.94 807.21 1 0.388882393442197
82.65 330.16 1 0.388882393442197
548.47 742.91 1 0.388882393442197
999.7 610.13 1 0.388882393442197
711.0 834.97 1 0.388882393442197
213.34 314.2 1 0.388882393442197
848.04 974.42 1 0.388882393442197
931.08 699.95 1 0.388882393442197
681.16 947.69 1 0.388882393442197
627.45 116.78 1 0.388882393442197
375.91 601.47 1 0.388882393442197
962.73 635.16 1 0.388882393442197
789.12 278.68 1 0.388882393442197
378.45 819.56 1 0.388882393442197
883.92 81.39 1 0.388882393442197
54.17 527.0 1 0.388882393442197
585.23 277.97 1 0.388882393442197
800.78 679.48 1 0.388882393442197
491.7 554.83 1 0.388882393442197
938.28 572.59 1 0.388882393442197
456.26 199.8 1 0.388882393442197
735.94 105.45 1 0.388882393442197
930.97 858.18 1 0.388882393442197
992.27 145.96 1 0.388882393442197
173.5 926.03 1 0.388882393442197
40.56 56.21 1 0.388882393442197
390.8 98.6 1 0.388882393442197
724.45 941.35 1 0.388882393442197
38.09 933.74 1 0.388882393442197
313.72 190.06 1 0.388882393442197
522.3 807.9 1 0.388882393442197
475.27 589.22 1 0.388882393442197
657.26 613.87 1 0.388882393442197
445.37 903.46 1 0.388882393442197
249.29 495.49 1 0.388882393442197
95.3 394.87 1 0.388882393442197
659.9 351.53 1 0.388882393442197
726.03 667.58 1 0.388882393442197
975.19 80.09 1 0.388882393442197
543.69 778.23 1 0.388882393442197
964.43 559.13 1 0.388882393442197
775.14 464.97 1 0.388882393442197
995.2 902.88 1 0.388882393442197
952.84 644.57 1 0.388882393442197
753.71 737.91 1 0.388882393442197
659.89 478.43 1 0.388882393442197
212.42 854.85 1 0.388882393442197
569.48 178.86 1 0.388882393442197
258.76 714.09 1 0.388882393442197
800.89 443.77 1 0.388882393442197
199.64 162.14 1 0.388882393442197
269.14 169.37 1 0.388882393442197
72.49 600.6 1 0.388882393442197
566.91 837.4 1 0.388882393442197
134.32 89.13 1 0.388882393442197
53.33 841.57 1 0.388882393442197
470.48 640.72 1 0.388882393442197
604.76 720.75 1 0.388882393442197
515.34 486.56 1 0.388882393442197
14.89 898.88 1 0.388882393442197
393.88 195.68 1 0.388882393442197
849.58 455.8 1 0.388882393442197
697.31 917.12 1 0.388882393442197
693.88 857.09 1 0.388882393442197
677.55 845.89 1 0.388882393442197
587.23 251.42 1 0.388882393442197
728.89 943.46 1 0.388882393442197
430.54 821.39 1 0.388882393442197
954.51 934.6 1 0.388882393442197
961.83 602.18 1 0.388882393442197
121.19 95.42 1 0.388882393442197
676.89 258.87 1 0.388882393442197
433.64 260.78 1 0.388882393442197
922.64 246.78 1 0.388882393442197
418.61 766.2 1 0.388882393442197
321.54 342.77 1 0.388882393442197
8.87 710.21 1 0.388882393442197
189.23 295.65 1 0.388882393442197
527.06 333.56 1 0.388882393442197
489.08 58.82 1 0.388882393442197
756.78 207.4 1 0.388882393442197
498.86 162.33 1 0.388882393442197
997.66 970.68 1 0.388882393442197
168.74 30.82 1 0.388882393442197
120.87 287.73 1 0.388882393442197
779.52 311.99 1 0.388882393442197
341.5 382.62 1 0.388882393442197
73.71 781.75 1 0.388882393442197
607.9 617.84 1 0.388882393442197
956.48 62.51 1 0.388882393442197
863.7 884.97 1 0.388882393442197
512.62 729.18 1 0.388882393442197
151.93 109.01 1 0.388882393442197
550.84 888.74 1 0.388882393442197
965.53 814.34 1 0.388882393442197
614.28 315.64 1 0.388882393442197
393.84 350.49 1 0.388882393442197
381.33 200.57 1 0.388882393442197
947.4 745.7 1 0.388882393442197
306.4 70.87 1 0.388882393442197
201.73 597.36 1 0.388882393442197
281.24 810.4 1 0.388882393442197
41.99 640.41 1 0.388882393442197
198.3 97.3 1 0.388882393442197
360.16 509.56 1 0.388882393442197
409.18 495.11 1 0.388882393442197
538.37 80.64 1 0.388882393442197
93.29 477.35 1 0.388882393442197
299.18 457.06 1 0.388882393442197
849.63 501.89 1 0.388882393442197
303.51 214.59 1 0.388882393442197
968.98 622.21 1 0.388882393442197
455.64 203.01 1 0.388882393442197
497.53 881.72 1 0.388882393442197
323.53 252.2 1 0.388882393442197
862.08 286.23 1 0.388882393442197
612.54 830.22 1 0.388882393442197
772.84 263.78 1 0.388882393442197
977.51 197.2 1 0.388882393442197
61.54 437.37 1 0.388882393442197
46.3 869.01 1 0.388882393442197
